#   83.076  -2.780  17.095 ;Mean Elev.(m), Avg Gradient(m/km), RMS Gradient(m/km) - SRTM1     
#   75.640  -2.758  17.175 ;Mean Elev.(m), Avg Gradient(m/km), RMS Gradient(m/km) - ASTER GDEM
#   83.690  -2.056  16.934 ;Mean Elev.(m), Avg Gradient(m/km), RMS Gradient(m/km) - GMTED2010 
  8   162.783 52484.64998757  2.05 283.265769  40.126960  3.196
  8   150.661 52484.64998822  4.94 283.264699  40.123700  3.196
 10    84.524 52554.65000025 22.10 283.268375  40.132086 12.408
 10    84.891 52554.65000089 21.28 283.267305  40.128816 12.408
 10    84.820 52554.65000154 19.74 283.266225  40.125546 12.408
 12    86.115 52624.64992421 20.10 283.270840  40.133114  6.895
 12    85.769 52624.64992485 19.63 283.269770  40.129854  6.895
 12    86.089 52624.64992550 18.45 283.268690  40.126584  6.895
 15    93.864 52729.64996725 16.87 283.274804  40.131633 12.121
 15    95.506 52729.64996790 14.37 283.273724  40.128363 12.121
 15    91.618 52729.64996854 15.17 283.272654  40.125093 12.121
 21    84.932 52939.65001349 20.92 283.264826  40.132448  8.598
 21    85.000 52939.65001414 29.66 283.263746  40.129188  8.598
 22    86.178 52974.65005528 21.32 283.272316  40.133415 10.009
 22    85.889 52974.65005592 17.21 283.271246  40.130155 10.009
 22    86.214 52974.65005657 15.50 283.270176  40.126885 10.009
 23    90.018 53009.65006144 39.29 283.265474  40.131812 15.883
 23    89.104 53009.65006208 38.73 283.264404  40.128552 15.883
 26    85.707 53114.65002698 49.74 283.267908  40.126750 17.496
 26    85.271 53114.65002762 46.74 283.266827  40.123483 13.819
 27    85.404 53149.65007152 20.11 283.268128  40.135022 11.522
 27    85.659 53149.65007217 19.89 283.267058  40.131762 11.522
 31    87.224 53289.65007442 18.07 283.269143  40.133899 11.401
 31    86.239 53289.65007507 18.10 283.268063  40.130629 11.401
 31    85.676 53289.65007571 17.17 283.266993  40.127359 11.401
 41   160.085 53639.65005752  1.41 283.270159  40.125921  6.772
 41   140.623 53639.65005816  6.17 283.269078  40.122655  4.866
 46    86.286 53814.64991834 16.04 283.267214  40.132718 11.480
 46    85.911 53814.64991899 15.76 283.266134  40.129458 11.480
 46    85.911 53814.64991963 15.37 283.265064  40.126188 11.480
 52    86.231 54024.65004280 40.91 283.275616  40.131187 17.017
 52    87.097 54024.65004344 40.56 283.274536  40.127917 17.017
 52    87.275 54024.65004409 41.03 283.273466  40.124647 17.017
 55    87.808 54129.64995500 27.13 283.277293  40.130954 13.226
 55    87.735 54129.64995564 29.29 283.276213  40.127684 13.226
 55    90.289 54129.64995629 24.20 283.275143  40.124414 13.226
 57   149.919 54199.64995803  0.65 283.274092  40.130757  4.651
 57   158.849 54199.64995868  1.17 283.273022  40.127487  4.651
 57   157.946 54199.64995932  2.37 283.271943  40.124221  3.511
 59    85.700 54269.65001682 32.36 283.272480  40.134456 17.519
 59    85.771 54269.65001746 30.46 283.271410  40.131186 17.519
 59    86.515 54269.65001811 29.22 283.270340  40.127916 17.519
 59    86.279 54269.65001875 30.02 283.269260  40.124656 17.519
 60    85.701 54304.65002046 41.69 283.272523  40.132730 20.115
 60    83.406 54304.65002111 45.69 283.271453  40.129460 20.115
 60    85.156 54304.65002175 27.17 283.270373  40.126190 20.115
 63    86.571 54409.64995014 24.27 283.270423  40.133738 16.563
 63    88.554 54409.64995079 28.17 283.269353  40.130468 16.563
 63    88.220 54409.64995143 38.17 283.268273  40.127198 16.563
 63    88.917 54409.64995208 39.70 283.267203  40.123930 13.807
 70   152.617 54654.64995782  1.85 283.269994  40.133349 10.670
 70   160.990 54654.64995846  1.20 283.268921  40.130082  5.489
 70   161.847 54654.64995911  2.17 283.267851  40.126812  5.489
 70   150.003 54654.64995975  5.33 283.266771  40.123542  5.489
 76   149.244 54864.64989576  2.52 283.275356  40.130441  3.889
 76   157.593 54864.64989640  2.73 283.274286  40.127171  3.889
 76   157.843 54864.64989705  2.83 283.273216  40.123901  3.889
 77    89.490 54899.64992035 12.40 283.267914  40.133063 12.105
 77    87.845 54899.64992099 12.59 283.266844  40.129793 12.105
 77    87.608 54899.64992164 12.12 283.265764  40.126533 12.105
 79    85.871 54969.64992102 18.98 283.272749  40.133682  9.001
 79    85.097 54969.64992167 17.71 283.271679  40.130412  9.001
 79    84.182 54969.64992231 17.10 283.270604  40.127144 13.514
 79    85.384 54969.64992296 15.71 283.269534  40.123874 13.514
 80    87.424 55004.64994103 15.88 283.269304  40.134210  9.107
 80    87.678 55004.64994168 14.40 283.268229  40.130944  6.695
 80    87.586 55004.64994232 14.61 283.267159  40.127674  6.695
 80    86.220 55004.64994297 14.89 283.266079  40.124414  6.695
 82    85.297 55074.64991155 21.68 283.269333  40.134619 15.252
 82    85.323 55074.64991219 20.90 283.268253  40.131349 15.252
 82    85.128 55074.64991284 20.36 283.267185  40.128080 10.284
 82    87.821 55074.64991348 20.09 283.266105  40.124810 10.284
 86    87.867 55214.64985921 27.39 283.270318  40.133058 15.582
 86    87.535 55214.64985985 33.31 283.269246  40.129792 14.181
 86    88.034 55214.64986049 34.26 283.268176  40.126522 14.181
 86    88.436 55214.64986114 34.40 283.267096  40.123252 14.181
 88   190.240 55284.64985266  0.87 283.268139  40.133573  3.297
 88   172.023 55284.64985395  3.86 283.265991  40.127033  4.140
 88   150.303 55284.64985459  6.73 283.264911  40.123763  4.140
 89   153.587 55319.64982446  1.12 283.269718  40.133150  3.185
 89   161.713 55319.64982510  2.28 283.268638  40.129880  3.185
 89   162.117 55319.64982575  3.07 283.267566  40.126612  5.201
 89   149.820 55319.64982639  6.58 283.266496  40.123342  5.201
 93    82.677 55459.64981331 23.03 283.269353  40.132714 15.745
 93    84.205 55459.64981396 20.65 283.268276  40.129446 16.001
 93    84.146 55459.64981460 19.41 283.267196  40.126176 16.001
