#    9.973  -2.845  16.221 ;Mean Elev.(m), Avg Gradient(m/km), RMS Gradient(m/km) - SRTM1     
#   25.351  -2.447  15.744 ;Mean Elev.(m), Avg Gradient(m/km), RMS Gradient(m/km) - ASTER GDEM
#   12.324  -2.738  16.318 ;Mean Elev.(m), Avg Gradient(m/km), RMS Gradient(m/km) - GMTED2010 
  9   106.307 52535.64805948  0.43 283.838365  39.657607  6.502
  9   100.131 52535.64806013  2.41 283.837305  39.654337  6.502
  9    96.360 52535.64806077  2.40 283.836245  39.651067  6.502
  9    67.404 52535.64806142 16.88 283.835175  39.647807  6.502
 10     6.285 52570.64809262 33.82 283.834170  39.656546 11.819
 10     6.677 52570.64809326 23.77 283.833110  39.653276 11.819
 10     7.661 52570.64809391 20.12 283.832050  39.650006 11.819
 11     6.866 52605.64806372 32.45 283.831804  39.659010 14.848
 11     6.248 52605.64806436 25.29 283.830744  39.655740 14.848
 11     7.083 52605.64806501 17.00 283.829674  39.652470 14.848
 12   107.138 52640.64805267  6.19 283.835740  39.657361  2.472
 12   105.359 52640.64805331  5.59 283.834670  39.654091  2.472
 12   104.993 52640.64805396  5.56 283.833610  39.650821  2.472
 13    97.331 52675.64804413 11.13 283.832398  39.658262  8.324
 13    95.633 52675.64804478  7.98 283.831328  39.654992  8.324
 13    94.010 52675.64804542  6.02 283.830272  39.651721  5.223
 14     6.844 52710.64806676 39.90 283.835643  39.657184 15.910
 14     7.607 52710.64806741 35.08 283.834573  39.653914 15.910
 14     7.230 52710.64806805 30.89 283.833513  39.650644 15.910
 15     7.641 52745.64809342 19.94 283.826418  39.665700  8.991
 15     8.531 52745.64809407 23.99 283.825358  39.662430  8.991
 15     8.876 52745.64809471 17.86 283.824298  39.659170  8.991
 16    -7.694 52780.64803207 35.83 283.836909  39.655482 16.356
 16     7.904 52780.64803271 22.26 283.835849  39.652212 16.356
 16     8.454 52780.64803336 19.43 283.834789  39.648942 16.356
 17    31.298 52815.64811351 17.09 283.836087  39.657513 15.875
 17    32.171 52815.64811415 14.69 283.835022  39.654244  7.085
 17    31.213 52815.64811479 14.76 283.833952  39.650974  7.085
 18     8.262 52850.64816520 33.98 283.837626  39.657968 14.740
 18     8.032 52850.64816584 36.78 283.836556  39.654698 14.740
 18     7.889 52850.64816648 35.74 283.835496  39.651428 14.740
 18     6.142 52850.64816713 36.25 283.834428  39.648159 12.843
 19   101.539 52885.64820026  4.05 283.830315  39.658115 12.619
 19   102.625 52885.64820091  2.97 283.829245  39.654845 12.619
 20   102.459 52920.64815606  1.19 283.831252  39.658550 12.214
 20    99.812 52920.64815670  2.60 283.830192  39.655290 12.214
 22   103.705 52990.64813573  5.15 283.840329  39.653317  2.198
 22   103.585 52990.64813637  5.15 283.839269  39.650047  2.198
 22   104.064 52990.64813702  5.37 283.838209  39.646777  2.198
 23    94.167 53025.64810550  8.23 283.838612  39.654749  9.778
 23    92.649 53025.64810614  6.40 283.837542  39.651479  9.778
 23    67.977 53025.64810679 15.80 283.836482  39.648209  9.778
 25    34.195 53095.64814225 18.26 283.826169  39.665716  5.691
 25    35.565 53095.64814290 26.56 283.825109  39.662446  5.691
 25    36.422 53095.64814354 18.79 283.824049  39.659176  5.691
 28     6.732 53200.64818940 27.63 283.834295  39.657827 15.159
 28     7.777 53200.64819005 18.92 283.833235  39.654557 15.159
 28     7.688 53200.64819069 16.46 283.832165  39.651287 15.159
 30    67.818 53270.64812220 10.83 283.838223  39.648093  5.992
 30    70.370 53270.64812284  7.48 283.837153  39.644823  5.992
 31     6.303 53305.64818353 36.97 283.830363  39.658687 11.410
 31    31.605 53305.64818417 24.07 283.829293  39.655417 11.410
 33   109.554 53375.64808125  3.35 283.832930  39.660067  4.029
 33   104.971 53375.64808189  3.07 283.831870  39.656797  4.029
 33   104.002 53375.64808254  3.34 283.830810  39.653527  4.029
 34   106.550 53410.64812636  1.91 283.837964  39.656772  3.039
 34   101.602 53410.64812700  2.22 283.836904  39.653502  3.039
 34   102.185 53410.64812765  2.11 283.835844  39.650232  3.039
 34   102.137 53410.64812829  2.15 283.834784  39.646962  3.039
 35     7.683 53445.64810835 33.83 283.829375  39.660252 15.004
 35     8.171 53445.64810899 21.32 283.828315  39.656982 15.004
 36    95.456 53480.64819136  4.43 283.830804  39.659611  9.989
 36    94.627 53480.64819201  4.85 283.829744  39.656341  9.989
 36    67.717 53480.64819265 12.99 283.828674  39.653071  9.989
 37   109.825 53515.64819605  1.20 283.834457  39.659843  9.395
 37   104.925 53515.64819669  1.03 283.833397  39.656573  9.395
 37    95.541 53515.64819734  5.37 283.832337  39.653303  9.395
 38     6.007 53550.64821614 41.54 283.827786  39.659810 10.566
 38     6.782 53550.64821679 32.43 283.826726  39.656540 10.566
 39     5.514 53585.64817611 30.46 283.832909  39.653241  8.611
 39     3.921 53585.64817675 37.75 283.831849  39.649971  8.611
 40     5.293 53620.64813368 38.98 283.834452  39.659383 10.217
 40     3.347 53620.64813432 43.61 283.833382  39.656113 10.217
 40     5.147 53620.64813497 39.86 283.832322  39.652843 10.217
 42     6.706 53690.64815391 33.91 283.830747  39.658685 15.741
 42     6.491 53690.64815455 27.51 283.829677  39.655415 15.741
 43    98.559 53725.64807747  7.01 283.831798  39.660801  8.191
 43    96.909 53725.64807811  7.05 283.830738  39.657531  8.191
 43    91.149 53725.64807875  8.17 283.829678  39.654261  8.191
 45     8.559 53795.64804129 30.29 283.835004  39.658101 13.039
 45     8.238 53795.64804194 24.57 283.833944  39.654831 13.039
 45     8.118 53795.64804258 19.70 283.832884  39.651561 13.039
 47     5.656 53865.64809797 42.11 283.834100  39.657288 11.833
 47     7.988 53865.64809862 35.09 283.833040  39.654018 11.833
 47     7.012 53865.64809926 33.40 283.831980  39.650748 11.833
 48     6.445 53900.64812496 36.99 283.834612  39.659224 11.988
 48     4.343 53900.64812561 38.65 283.833552  39.655954 11.988
 48     8.075 53900.64812625 31.07 283.832482  39.652684 11.988
 49    34.372 53935.64816480 37.90 283.827302  39.667504 13.518
 49    36.769 53935.64816545 36.66 283.826242  39.664234 13.518
 49    35.256 53935.64816609 39.38 283.825182  39.660964 13.518
 49    34.975 53935.64816674 38.87 283.824116  39.657692  6.347
 50     4.238 53970.64813448 37.98 283.827515  39.658915 14.578
 50     2.081 53970.64813512 36.25 283.826445  39.655645 14.578
 51     7.035 54005.64811357 39.82 283.840576  39.652934 12.326
 51     6.675 54005.64811422 39.86 283.839516  39.649674 12.326
 51     6.161 54005.64811486 42.22 283.838456  39.646404 12.326
 52     6.827 54040.64814256 29.32 283.840076  39.656576 12.342
 52    29.169 54040.64814321 23.40 283.839016  39.653306 12.342
 52    27.852 54040.64814385 19.20 283.837950  39.650037  5.410
 52    28.731 54040.64814450 18.32 283.836890  39.646767  5.410
 53     9.587 54075.64813659 28.18 283.833841  39.660073  9.433
 53     7.856 54075.64813724 23.63 283.832771  39.656803  9.433
 53     8.763 54075.64813788 16.26 283.831712  39.653532 12.466
 54    10.686 54110.64807917 14.14 283.827851  39.660606 14.708
 54    10.440 54110.64807981 12.61 283.826791  39.657346 14.708
 55   104.594 54145.64807651  1.13 283.836594  39.657822  4.720
 55   106.002 54145.64807716  1.38 283.835534  39.654552  4.720
 55   102.174 54145.64807780  3.13 283.834474  39.651282  4.720
 56    33.937 54180.64806558 17.51 283.829225  39.659698  7.322
 56    35.125 54180.64806623 12.68 283.828165  39.656428  7.322
 58     6.527 54250.64811145 40.62 283.834135  39.656773 14.319
 58     6.988 54250.64811210 39.42 283.833075  39.653503 14.319
 58     5.406 54250.64811274 39.74 283.832005  39.650243 14.319
 59    26.270 54285.64811830 20.85 283.834308  39.656571 17.578
 59     6.286 54285.64811895 29.10 283.833248  39.653301 17.578
 59     4.782 54285.64811959 30.85 283.832178  39.650041 17.578
 60     5.040 54320.64811544 42.89 283.834894  39.656300 12.619
 60     6.656 54320.64811608 33.52 283.833834  39.653030 12.619
 60     5.151 54320.64811673 37.96 283.832774  39.649770 12.619
 61   103.834 54355.64807640  0.35 283.831537  39.659512 14.650
 61   102.092 54355.64807704  0.07 283.830472  39.656240  9.595
 61    84.027 54355.64807769  5.27 283.829412  39.652970  9.595
 62     4.244 54390.64805576 45.74 283.835602  39.658061 10.334
 62     3.276 54390.64805640 45.92 283.834542  39.654791 10.334
 62     4.259 54390.64805705 34.38 283.833479  39.651521  9.062
 63   101.552 54425.64802684  1.86 283.832916  39.658158 10.405
 63   104.021 54425.64802748  1.25 283.831856  39.654888 10.405
 63    31.944 54425.64802813 20.05 283.830786  39.651618 10.405
 65     8.157 54495.64803272 28.10 283.833694  39.659473 11.827
 65     7.309 54495.64803336 24.80 283.832634  39.656203 11.827
 65     8.006 54495.64803401 17.26 283.831574  39.652933 11.827
 67     7.610 54565.64803828 35.41 283.830883  39.661118 11.108
 67     7.263 54565.64803893 26.92 283.829823  39.657858 11.108
 67    32.881 54565.64803957 18.55 283.828763  39.654588 11.108
 69     3.836 54635.64805279 38.35 283.832839  39.657671 13.291
 69     7.463 54635.64805343 38.63 283.831779  39.654401 13.291
 69     5.364 54635.64805408 34.30 283.830719  39.651131 13.291
 70     6.723 54670.64805663 36.36 283.832462  39.658397  9.700
 70     5.812 54670.64805728 30.69 283.831400  39.655125 13.927
 70     5.978 54670.64805792 29.14 283.830340  39.651855 13.927
 71     5.291 54705.64801846 35.26 283.832964  39.657797 11.735
 71     5.638 54705.64801911 28.20 283.831904  39.654537 11.735
 71     5.956 54705.64801975 27.87 283.830834  39.651267 11.735
 72    36.652 54740.64802080 12.72 283.836038  39.655810  8.669
 72    38.129 54740.64802144 10.92 283.834978  39.652540  8.669
 73     6.773 54775.64799974 39.47 283.834149  39.659552 10.682
 73     6.565 54775.64800039 34.86 283.833079  39.656282 10.682
 73     6.321 54775.64800103 36.56 283.832021  39.653012 12.097
 74   106.620 54810.64801401  3.01 283.837633  39.656452  4.901
 74    99.276 54810.64801466  5.28 283.836563  39.653182  4.901
 74   101.123 54810.64801530  4.65 283.835503  39.649912  4.901
 75     7.673 54845.64799876 33.98 283.832712  39.659848 12.905
 75     7.383 54845.64799941 25.71 283.831642  39.656578 12.905
 75    11.341 54845.64800005 16.94 283.830584  39.653307 11.375
 76     9.072 54880.64801721 24.58 283.834729  39.658568 12.334
 76     8.274 54880.64801785 19.28 283.833669  39.655298 12.334
 76     7.861 54880.64801850 15.22 283.832609  39.652038 12.334
 77     9.355 54915.64800224 32.73 283.828949  39.660615 17.049
 77     4.252 54915.64800289 35.97 283.827889  39.657345 17.049
 78     6.157 54950.64800995 40.46 283.833888  39.657145  9.539
 78     7.455 54950.64801060 38.94 283.832822  39.653873 13.340
 78     6.721 54950.64801124 32.53 283.831762  39.650603 13.340
 79     7.974 54985.64803459 35.71 283.833265  39.659089  7.466
 79     5.168 54985.64803523 30.90 283.832205  39.655819  7.466
 80     6.342 55020.64802888 37.72 283.834645  39.656700 13.248
 80     7.565 55020.64802952 33.93 283.833584  39.653429  8.902
 80     5.828 55020.64803017 32.31 283.832524  39.650159  8.902
 81     7.959 55055.64802487 32.30 283.834632  39.659890 10.768
 81     4.061 55055.64802551 33.06 283.833562  39.656620 10.768
 81     6.092 55055.64802616 24.23 283.832502  39.653347 10.405
 82     6.753 55090.64798407 35.98 283.830089  39.658632 16.201
 82     7.020 55090.64798471 30.15 283.829029  39.655362 16.201
 83     5.481 55125.64796423 45.77 283.835917  39.657126  8.008
 83     5.987 55125.64796487 40.06 283.834857  39.653856  8.008
 83     6.885 55125.64796552 33.13 283.833787  39.650596  8.008
 84   107.948 55160.64794540  4.74 283.831619  39.658312  9.664
 84   104.184 55160.64794605  5.18 283.830549  39.655042  9.664
 85    32.703 55195.64795458 25.60 283.836995  39.656426  7.001
 85    32.767 55195.64795522 26.09 283.835935  39.653156  7.001
 85    30.111 55195.64795587 28.19 283.834875  39.649896  7.001
 86   102.191 55230.64794852  1.80 283.829792  39.658333  7.037
 86   102.482 55230.64794916  1.80 283.828727  39.655063  7.572
 87     8.046 55265.64794956 28.23 283.835543  39.657651  7.148
 87     6.389 55265.64795021 22.96 283.834483  39.654381  7.148
 87     6.742 55265.64795085 18.79 283.833423  39.651121  7.148
 88     7.156 55300.64792965 39.05 283.831575  39.659111 10.274
 88     7.289 55300.64793029 24.78 283.830515  39.655841 10.274
 88     9.578 55300.64793094 19.46 283.829455  39.652581 10.274
 89     7.203 55335.64792500 40.04 283.833487  39.660204 11.367
 89     4.950 55335.64792564 42.33 283.832417  39.656934 11.367
 89     7.317 55335.64792629 33.58 283.831356  39.653663  9.763
 90     5.311 55370.64791623 40.01 283.834061  39.657228  9.815
 90     5.618 55370.64791687 38.32 283.833001  39.653958 14.011
 90     5.970 55370.64791752 34.72 283.831941  39.650688 14.011
 92     6.043 55440.64793494 45.13 283.833285  39.656293 11.914
 92     4.762 55440.64793558 43.15 283.832226  39.653021  9.017
 93     6.422 55475.64787879 37.61 283.831155  39.658587  9.251
 93    24.919 55475.64787943 22.20 283.830095  39.655317  9.251
