#    9.973  -2.845  16.221 ;Mean Elev.(m), Avg Gradient(m/km), RMS Gradient(m/km) - SRTM1     
#   25.351  -2.447  15.744 ;Mean Elev.(m), Avg Gradient(m/km), RMS Gradient(m/km) - ASTER GDEM
#   12.324  -2.738  16.318 ;Mean Elev.(m), Avg Gradient(m/km), RMS Gradient(m/km) - GMTED2010 
  9 283.836772  39.652704    92.550    98.245  4 52535.64806045 11.250
 10 283.833110  39.653276     6.874     6.677  3 52570.64809326 29.624
 11 283.830741  39.655740     6.732     6.866  3 52605.64806436 28.545
 12 283.834673  39.654091   105.830   105.359  3 52640.64805332  5.790
 13 283.831333  39.654992    95.658    95.633  3 52675.64804478  8.893
 14 283.834576  39.653914     7.227     7.230  3 52710.64806741 36.758
 15 283.825358  39.662433     8.349     8.531  3 52745.64809407 21.360
 16 283.835849  39.652212     2.888     7.904  3 52780.64803271 31.340
 17 283.835020  39.654244    31.560    31.298  3 52815.64811415 15.664
 18 283.836027  39.653063     7.581     7.960  4 52850.64816616 35.807
 19 283.829780  39.656480   102.082   102.082  2 52885.64820059  3.543
 20 283.830722  39.656920   101.136   101.136  2 52920.64815638  1.952
 22 283.839269  39.650047   103.785   103.705  3 52990.64813637  5.225
 23 283.837545  39.651479    84.931    92.649  3 53025.64810614 12.134
 25 283.825109  39.662446    35.394    35.565  3 53095.64814290 22.978
 28 283.833232  39.654557     7.399     7.688  3 53200.64819005 23.690
 30 283.837688  39.646458    69.094    69.094  2 53270.64812252  9.470
 31 283.829828  39.657052    18.954    18.954  2 53305.64818385 34.177
 33 283.831870  39.656797   106.176   104.971  3 53375.64808189  3.255
 34 283.836374  39.651867   103.119   102.161  4 53410.64812733  2.099
 35 283.828845  39.658617     7.927     7.927  2 53445.64810867 31.057
 36 283.829741  39.656341    85.933    94.627  3 53480.64819201  9.334
 37 283.833397  39.656573   103.431   104.925  3 53515.64819669  3.032
 38 283.827256  39.658175     6.394     6.394  2 53550.64821646 39.033
 39 283.832379  39.651606     4.718     4.718  2 53585.64817643 35.483
 40 283.833385  39.656113     4.596     5.147  3 53620.64813432 41.309
 42 283.830212  39.657050     6.598     6.598  2 53690.64815423 31.796
 43 283.830738  39.657531    95.539    96.909  3 53725.64807811  7.444
 45 283.833944  39.654831     8.305     8.238  3 53795.64804194 26.839
 47 283.833040  39.654018     6.885     7.012  3 53865.64809862 38.588
 48 283.833549  39.655954     6.288     6.445  3 53900.64812561 36.567
 49 283.825711  39.662599    35.343    35.115  4 53935.64816577 38.322
 50 283.826980  39.657280     3.159     3.159  2 53970.64813480 37.201
 51 283.839516  39.649671     6.624     6.675  3 54005.64811422 40.786
 52 283.838483  39.651671    23.145    28.292  4 54040.64814353 24.861
 53 283.832775  39.656803     8.735     8.763  3 54075.64813724 24.916
 54 283.827321  39.658976    10.563    10.563  2 54110.64807949 13.442
 55 283.835534  39.654552   104.257   104.594  3 54145.64807716  1.975
 56 283.828695  39.658063    34.531    34.531  2 54180.64806590 15.734
 58 283.833072  39.653506     6.307     6.527  3 54250.64811210 39.957
 59 283.833245  39.653304    12.446     6.286  3 54285.64811895 28.554
 60 283.833834  39.653033     5.616     5.151  3 54320.64811608 39.693
 61 283.830474  39.656241    96.651   102.092  3 54355.64807704  2.605
 62 283.834541  39.654791     3.926     4.244  3 54390.64805640 44.223
 63 283.831853  39.654888    79.172   101.552  3 54425.64802748 15.400
 65 283.832634  39.656203     7.824     8.006  3 54495.64803336 25.233
 67 283.829823  39.657855    15.918     7.610  3 54565.64803893 31.292
 69 283.831779  39.654401     5.554     5.364  3 54635.64805343 37.488
 70 283.831401  39.655126     6.171     5.978  3 54670.64805728 33.234
 71 283.831901  39.654534     5.628     5.638  3 54705.64801911 31.885
 72 283.835508  39.654175    37.391    37.391  2 54740.64802112 11.913
 73 283.833083  39.656282     6.553     6.565  3 54775.64800039 37.388
 74 283.836566  39.653182   102.340   101.123  3 54810.64801466  4.414
 75 283.831646  39.656578     8.799     7.673  3 54845.64799941 29.886
 76 283.833669  39.655301     8.403     8.274  3 54880.64801785 21.304
 77 283.828419  39.658980     6.803     6.803  2 54915.64800256 34.645
 78 283.832824  39.653874     6.778     6.721  3 54950.64801060 38.397
 79 283.832735  39.657454     6.571     6.571  2 54985.64803491 33.939
 80 283.833584  39.653429     6.578     6.342  3 55020.64802952 35.267
 81 283.833565  39.656619     6.037     6.092  3 55055.64802551 31.234
 82 283.829559  39.656997     6.887     6.887  2 55090.64798439 33.978
 83 283.834854  39.653859     6.118     5.987  3 55125.64796487 42.214
 84 283.831084  39.656677   106.066   106.066  2 55160.64794572  4.966
 85 283.835935  39.653159    31.860    32.703  3 55195.64795522 26.778
 86 283.829259  39.656698   102.336   102.336  2 55230.64794884  1.800
 87 283.834483  39.654384     7.059     6.742  3 55265.64795021 24.954
 88 283.830515  39.655844     8.008     7.289  3 55300.64793029 34.484
 89 283.832420  39.656934     6.490     7.203  3 55335.64792564 39.923
 90 283.833001  39.653958     5.633     5.618  3 55370.64791687 38.191
 92 283.832755  39.654657     5.403     5.403  2 55440.64793526 44.252
 93 283.830625  39.656952    15.670    15.670  2 55475.64787911 34.723
