#   85.998  -0.718  18.967 ;Mean Elev.(m), Avg Gradient(m/km), RMS Gradient(m/km) - SRTM1     
#   75.918  -0.786  19.283 ;Mean Elev.(m), Avg Gradient(m/km), RMS Gradient(m/km) - ASTER GDEM
#   86.775  -0.930  18.600 ;Mean Elev.(m), Avg Gradient(m/km), RMS Gradient(m/km) - GMTED2010 
  7 283.221459  40.192340   160.704   160.170  4 52460.10985049  1.169
  9 283.209436  40.198636    85.616    85.645  4 52530.10982902 51.096
 10 283.224591  40.190769   126.708   128.723  5 52565.10984507 11.977
 11 283.213204  40.196113    87.552    87.253  5 52600.10987280 50.300
 12 283.210244  40.198697   144.364   144.107  4 52635.10983042  5.062
 13 283.216254  40.194996   148.839   150.212  4 52670.10983910  5.983
 14 283.217134  40.194877   114.108   114.661  5 52705.10982872 15.074
 15 283.217521  40.194681    93.125    94.331  4 52740.10986373 26.070
 16 283.228651  40.189400   110.255   110.381  4 52775.10981013 13.384
 17 283.208574  40.199884    86.886    86.976  4 52810.10988689 52.660
 18 283.211668  40.197712    87.122    87.132  4 52845.10994254 53.105
 19 283.213249  40.198016   107.301   107.409  5 52880.10998011 20.871
 20 283.226561  40.190750    87.546    87.513  5 52915.10993594 47.541
 21 283.218007  40.189810    89.091    89.091  2 52950.10989545 45.104
 22 283.223404  40.191564    96.504    97.596  5 52985.10991998 19.431
 24 283.219839  40.193574   118.639   117.780  4 53055.10989806 14.779
 25 283.212519  40.197647    87.409    87.424  5 53090.10993639 51.385
 26 283.215092  40.196041    90.350    89.350  5 53125.10990653 23.978
 27 283.208042  40.199954    86.877    86.868  4 53160.10996807 50.499
 28 283.221163  40.192590    85.936    85.733  4 53195.10996258 45.526
 29 283.225095  40.191218   158.205   158.442  5 53230.10995034  5.606
 31 283.202142  40.203347    87.462    87.353  4 53300.10997172 45.904
 32 283.218127  40.193990   105.828   106.971  4 53335.10993950 14.637
 33 283.226965  40.190135    87.590    87.634  4 53370.10987775 47.606
 36 283.209235  40.198558   165.745   165.208  5 53475.10996345  3.691
 37 283.216861  40.194653    85.373    85.469  5 53510.10997906 25.066
 38 283.213393  40.197416    86.740    86.709  5 53545.10999614 47.526
 40 283.220182  40.192977    85.826    85.737  5 53615.10992623 51.621
 41 283.217350  40.193165    86.853    86.844  4 53650.10993624 31.441
 42 283.212560  40.197230   110.153   107.372  5 53685.10994773 13.704
 43 283.226353  40.191599   169.689   165.864  3 53720.10987271  0.405
 44 283.222089  40.192659    90.266    90.270  4 53755.10979731 21.854
 46 283.217072  40.194182    86.280    86.108  5 53825.10978370 32.973
 47 283.210968  40.197230    86.597    86.528  5 53860.10987814 47.974
 48 283.218241  40.194428    87.049    87.018  4 53895.10989544 50.928
 49 283.206263  40.199310   169.662   169.662  2 53930.10995049  2.475
 50 283.212756  40.196418    85.935    85.925  5 53965.10992799 49.381
 51 283.212115  40.197255    86.376    86.381  5 54000.10988448 51.263
 52 283.218671  40.193988    86.936    86.955  5 54035.10992738 51.045
 53 283.220278  40.193469    89.472    89.813  5 54070.10992115 24.805
 54 283.223573  40.191054    87.127    86.872  4 54105.10987513 51.715
 55 283.213973  40.196739   164.935   165.897  5 54140.10985401  4.316
 56 283.220477  40.193365   122.501   118.118  4 54175.10985551 15.797
 57 283.212984  40.197371    87.954    87.857  5 54210.10986054 31.876
 58 283.216897  40.194737    86.119    86.022  4 54245.10989082 39.287
 59 283.217357  40.194907   107.642   107.138  5 54280.10990221 20.284
 60 283.221510  40.191820    85.801    85.758  4 54315.10990067 49.236
 61 283.222874  40.191629    85.532    85.558  4 54350.10986934 40.153
 62 283.217199  40.194355    91.241    93.612  5 54385.10983974 20.697
 63 283.221139  40.192093   102.373    98.601  5 54420.10981896 15.655
 64 283.212550  40.198592    86.901    86.867  5 54455.10981240 51.074
 65 283.222533  40.188731    87.202    87.202  2 54490.10981853 31.071
 66 283.217427  40.194881    99.402    97.320  4 54525.10982443 15.548
 67 283.221121  40.192643   174.580   172.849  4 54560.10982839  2.600
 68 283.217150  40.194718    91.324    88.840  4 54595.10982074 43.885
 69 283.217306  40.194024    86.129    86.154  5 54630.10983455 51.374
 70 283.214514  40.197904    86.020    85.820  5 54665.10984198 51.525
 71 283.224400  40.191333   108.003   107.147  4 54700.10981107 20.039
 72 283.214724  40.193109   183.324   172.680  3 54735.10979995  2.874
 73 283.221261  40.192039    86.559    86.290  5 54770.10979115 51.988
 74 283.212358  40.197583    86.946    86.610  4 54805.10979441 43.566
 75 283.219022  40.193434    92.165    92.394  4 54840.10978656 20.622
 76 283.214022  40.198098    88.362    88.716  5 54875.10979504 22.300
 77 283.220549  40.193300    86.889    86.876  4 54910.10979214 52.379
 78 283.212488  40.197593    87.022    86.941  5 54945.10978803 51.344
 79 283.216836  40.194287   157.717   157.264  4 54980.10981390  6.983
 80 283.217990  40.193907   108.026   107.967  5 55015.10981654 20.487
 81 283.219038  40.193889    86.574    86.511  4 55050.10981066 53.194
 82 283.223617  40.191288    93.801    94.863  4 55085.10977701 17.281
 83 283.216093  40.195589   157.753   160.402  4 55120.10974356  7.897
 84 283.219315  40.193630   202.256   201.192  4 55155.10973681  3.367
 85 283.213780  40.194391    87.166    87.056  4 55190.10973293 50.142
 86 283.219486  40.192724    95.056    93.647  5 55225.10973667 19.695
 87 283.218254  40.193573    99.161    98.088  5 55260.10972814 22.768
 88 283.221934  40.192555   104.710   110.006  5 55295.10972278 19.345
 89 283.215572  40.194851    86.663    86.685  5 55330.10971059 51.068
 90 283.221004  40.192253    86.533    86.292  4 55365.10970352 52.097
 91 283.213585  40.196796    86.502    86.605  5 55400.10971605 48.263
 92 283.220945  40.193414    86.079    86.034  5 55435.10972062 51.603
 93 283.225113  40.191421   178.678   179.555  4 55470.10967375  2.508
