#   85.998  -0.718  18.967 ;Mean Elev.(m), Avg Gradient(m/km), RMS Gradient(m/km) - SRTM1     
#   75.918  -0.786  19.283 ;Mean Elev.(m), Avg Gradient(m/km), RMS Gradient(m/km) - ASTER GDEM
#   86.775  -0.930  18.600 ;Mean Elev.(m), Avg Gradient(m/km), RMS Gradient(m/km) - GMTED2010 
  7   157.481 52460.10984952  1.95 283.223069  40.187440  5.752
  7   161.986 52460.10985017  1.22 283.221999  40.190710  5.752
  7   158.355 52460.10985081  1.04 283.220919  40.193970  5.752
  7   164.995 52460.10985146  0.31 283.219849  40.197240  5.752
  9    85.665 52530.10982805 48.34 283.211049  40.193734 19.996
  9    85.434 52530.10982869 52.60 283.209979  40.197004 19.996
  9    85.625 52530.10982934 51.63 283.208899  40.200274 19.996
  9    85.739 52530.10982998 50.76 283.207819  40.203534 19.996
 10   124.361 52565.10984378 11.01 283.226747  40.184235  5.929
 10   130.089 52565.10984442 10.07 283.225667  40.187505  5.929
 10   129.530 52565.10984507 10.66 283.224587  40.190765  5.929
 10   127.364 52565.10984571 12.69 283.223517  40.194035  5.929
 10   122.198 52565.10984636 14.12 283.222437  40.197305  5.929
 11    87.092 52600.10987151 44.40 283.215354  40.189583 16.914
 11    88.572 52600.10987215 51.69 283.214284  40.192843 16.914
 11    87.368 52600.10987280 52.76 283.213204  40.196113 16.914
 11    87.314 52600.10987344 46.78 283.212124  40.199383 16.914
 11    87.413 52600.10987408 50.94 283.211054  40.202643 16.914
 12   133.569 52635.10982945  5.65 283.211862  40.193795  4.324
 12   133.858 52635.10983009  5.55 283.210782  40.197065  4.324
 12   154.356 52635.10983074  4.62 283.209702  40.200335  4.324
 12   155.672 52635.10983138  4.27 283.208632  40.203595  4.324
 13   153.362 52670.10983813  6.90 283.217869  40.190094  4.397
 13   140.002 52670.10983877  5.69 283.216789  40.193364  4.397
 13   147.063 52670.10983942  5.72 283.215719  40.196634  4.397
 13   154.930 52670.10984006  5.47 283.214639  40.199894  4.397
 14   108.423 52705.10982743 19.00 283.219288  40.188341  6.755
 14   110.466 52705.10982807 13.45 283.218208  40.191611  6.755
 14   124.854 52705.10982872  9.60 283.217138  40.194881  6.755
 14   117.780 52705.10982936 10.54 283.216058  40.198141  6.755
 14   109.015 52705.10983000 15.89 283.214978  40.201411  6.755
 15    94.601 52740.10986276 16.22 283.219139  40.189776  5.194
 15    96.345 52740.10986341 17.78 283.218059  40.193046  5.194
 15    94.060 52740.10986405 17.85 283.216979  40.196316  5.194
 15    87.493 52740.10986470 31.63 283.215909  40.199586  5.194
 16   106.864 52775.10980916 13.52 283.230261  40.184500  5.700
 16   109.678 52775.10980981 13.46 283.229191  40.187770  5.700
 16   111.084 52775.10981045 13.20 283.228111  40.191030  5.700
 16   113.395 52775.10981110 13.35 283.227041  40.194300  5.700
 17    86.497 52810.10988592 50.98 283.210189  40.194987 17.122
 17    87.096 52810.10988656 54.36 283.209109  40.198247 17.122
 17    86.992 52810.10988721 52.07 283.208039  40.201517 17.122
 17    86.960 52810.10988785 52.52 283.206959  40.204787 17.122
 18    87.157 52845.10994157 50.02 283.213286  40.192812 18.029
 18    87.065 52845.10994222 55.27 283.212206  40.196082 18.029
 18    87.125 52845.10994286 52.59 283.211126  40.199342 18.029
 18    87.140 52845.10994351 52.99 283.210056  40.202612 18.029
 19   107.267 52880.10997882 20.11 283.215405  40.191476  9.713
 19   107.627 52880.10997947 19.84 283.214325  40.194746  9.713
 19   106.605 52880.10998011 21.60 283.213245  40.198016  9.713
 19   107.452 52880.10998076 21.89 283.212175  40.201286  9.713
 19   107.553 52880.10998140 20.53 283.211095  40.204546  9.713
 20    87.943 52915.10993465 46.53 283.228710  40.184211 13.851
 20    86.227 52915.10993529 50.34 283.227640  40.187481 13.851
 20    88.137 52915.10993594 47.19 283.226560  40.190751 13.851
 20    88.340 52915.10993658 46.32 283.225490  40.194011 13.851
 20    87.083 52915.10993723 45.50 283.224410  40.197281 13.851
 21    89.407 52950.10989513 41.34 283.218547  40.188180 16.089
 21    88.775 52950.10989578 47.09 283.217467  40.191440 16.089
 22    96.912 52985.10991869 15.68 283.225551  40.185030  7.987
 22    96.946 52985.10991934 15.84 283.224481  40.188300  7.987
 22    98.046 52985.10991998 15.84 283.223401  40.191560  7.987
 22    97.943 52985.10992063 16.77 283.222331  40.194830  7.987
 22    92.675 52985.10992127 24.43 283.221251  40.198100  7.987
 24   108.832 53055.10989709 16.57 283.221452  40.188672  7.449
 24   130.165 53055.10989774  9.10 283.220382  40.191942  7.449
 24   126.043 53055.10989838  9.91 283.219302  40.195212  7.449
 24   109.517 53055.10989903 17.55 283.218222  40.198472  7.449
 25    87.408 53090.10993510 48.82 283.214673  40.191113 18.605
 25    87.453 53090.10993575 52.88 283.213593  40.194383 18.605
 25    87.480 53090.10993639 50.40 283.212523  40.197643 18.605
 25    87.338 53090.10993704 50.71 283.211443  40.200913 18.605
 25    87.365 53090.10993768 52.79 283.210363  40.204183 18.605
 26    96.036 53125.10990524 21.48 283.217248  40.189507 12.426
 26    90.240 53125.10990589 21.16 283.216168  40.192777 12.426
 26    88.075 53125.10990653 24.85 283.215088  40.196037 12.426
 26    88.453 53125.10990718 25.65 283.214018  40.199307 12.426
 26    88.948 53125.10990782 24.85 283.212938  40.202577 12.426
 27    87.019 53160.10996710 46.76 283.209657  40.195054 15.400
 27    86.755 53160.10996775 52.25 283.208577  40.198324 15.400
 27    86.767 53160.10996839 51.49 283.207507  40.201584 15.400
 27    86.968 53160.10996904 49.66 283.206427  40.204854 15.400
 28    86.564 53195.10996162 49.22 283.222776  40.187693 19.730
 28    85.723 53195.10996226 43.24 283.221706  40.190953 19.730
 28    85.713 53195.10996291 30.96 283.220626  40.194223 19.730
 28    85.743 53195.10996355 45.67 283.219546  40.197493 19.730
 29   156.267 53230.10994905  6.16 283.227242  40.184684  4.396
 29   157.413 53230.10994970  5.70 283.226172  40.187954  4.396
 29   158.627 53230.10995034  4.45 283.225092  40.191214  4.396
 29   158.432 53230.10995099  5.12 283.224022  40.194484  4.396
 29   160.286 53230.10995163  6.33 283.222942  40.197754  4.396
 31    87.350 53300.10997076 45.36 283.203757  40.198449 11.587
 31    87.203 53300.10997140 48.31 283.202677  40.201709 11.587
 31    87.937 53300.10997205 45.12 283.201607  40.204979 11.587
 31    87.357 53300.10997269 43.25 283.200527  40.208249 11.587
 32   112.137 53335.10993854 13.15 283.219742  40.189090  4.626
 32    97.235 53335.10993918 15.02 283.218662  40.192360  4.626
 32   109.193 53335.10993982 14.44 283.217592  40.195620  4.626
 32   104.748 53335.10994047 15.58 283.216512  40.198890  4.626
 33    87.327 53370.10987678 48.56 283.228575  40.185235 13.947
 33    87.765 53370.10987743 49.38 283.227505  40.188505 13.947
 33    87.698 53370.10987807 45.56 283.226425  40.191765 13.947
 33    87.570 53370.10987872 45.57 283.225355  40.195035 13.947
 36   161.029 53475.10996216  4.38 283.211389  40.192024  4.546
 36   161.134 53475.10996281  4.63 283.210309  40.195294  4.546
 36   163.559 53475.10996345  3.32 283.209239  40.198554  4.546
 36   169.280 53475.10996410  3.24 283.208159  40.201824  4.546
 36   173.725 53475.10996474  2.54 283.207079  40.205094  4.546
 37    84.581 53510.10997777 19.79 283.219011  40.188114  9.834
 37    85.359 53510.10997841 20.49 283.217941  40.191384  9.834
 37    85.469 53510.10997906 23.07 283.216861  40.194654  9.834
 37    85.821 53510.10997970 26.47 283.215781  40.197914  9.834
 37    85.634 53510.10998035 28.76 283.214711  40.201184  9.834
 38    87.091 53545.10999485 44.99 283.215543  40.190886 15.638
 38    86.469 53545.10999550 49.81 283.214473  40.194146 15.638
 38    86.571 53545.10999614 48.08 283.213393  40.197416 15.638
 38    87.239 53545.10999679 46.68 283.212313  40.200686 15.638
 38    86.328 53545.10999743 46.51 283.211243  40.203956 15.638
 40    85.916 53615.10992494 38.96 283.222333  40.186447 22.353
 40    86.421 53615.10992559 49.62 283.221253  40.189707 22.353
 40    85.742 53615.10992623 54.74 283.220183  40.192977 22.353
 40    85.494 53615.10992688 51.95 283.219103  40.196247 22.353
 40    85.556 53615.10992752 52.36 283.218033  40.199507 22.353
 41    87.125 53650.10993527 36.45 283.218965  40.188268 11.816
 41    86.979 53650.10993592 28.67 283.217885  40.191528 11.816
 41    86.598 53650.10993656 23.42 283.216815  40.194798 11.816
 41    86.709 53650.10993721 23.07 283.215735  40.198068 11.816
 42   106.962 53685.10994645 12.63 283.214714  40.190696  6.475
 42   107.085 53685.10994709 13.90 283.213634  40.193966  6.475
 42   108.009 53685.10994773 13.46 283.212564  40.197226  6.475
 42   107.394 53685.10994838 14.80 283.211484  40.200496  6.475
 42   121.314 53685.10994902 13.44 283.210404  40.203766  6.475
 43   178.121 53720.10987121  0.18 283.228860  40.183976  2.568
 43   165.864 53720.10987314  0.23 283.225640  40.193776  2.568
 43   165.083 53720.10987379  0.78 283.224560  40.197046  2.568
 44    89.268 53755.10979634 22.08 283.223702  40.187756  6.687
 44    89.587 53755.10979699 21.70 283.222632  40.191026  6.687
 44    91.258 53755.10979763 21.04 283.221552  40.194296  6.687
 44    90.952 53755.10979827 22.47 283.220472  40.197556  6.687
 46    86.567 53825.10978241 38.28 283.219224  40.187645 11.535
 46    85.923 53825.10978305 34.18 283.218154  40.190915 11.535
 46    86.107 53825.10978370 22.07 283.217072  40.194183  4.745
 46    86.279 53825.10978434 22.10 283.215992  40.197443  4.745
 46    86.523 53825.10978499 23.87 283.214922  40.200713  4.745
 47    86.331 53860.10987685 42.49 283.213118  40.190696 19.888
 47    87.176 53860.10987749 47.15 283.212048  40.193966 19.888
 47    86.570 53860.10987814 46.27 283.210968  40.197226 19.888
 47    86.393 53860.10987878 48.20 283.209888  40.200496 19.888
 47    86.515 53860.10987943 51.32 283.208818  40.203766 19.888
 48    87.212 53895.10989447 51.31 283.219859  40.189525 18.425
 48    87.072 53895.10989511 51.12 283.218779  40.192795 18.425
 48    86.964 53895.10989576 50.63 283.217699  40.196065 18.425
 48    86.950 53895.10989640 50.61 283.216629  40.199325 18.425
 49   167.426 53930.10995017  2.92 283.206798  40.197675  3.513
 49   171.898 53930.10995081  1.98 283.205728  40.200945  3.513
 50    85.675 53965.10992670 40.44 283.214905  40.189888 19.753
 50    85.929 53965.10992735 47.73 283.213835  40.193148 19.753
 50    86.220 53965.10992799 51.43 283.212755  40.196418 19.753
 50    85.920 53965.10992863 49.90 283.211685  40.199688 19.753
 50    85.930 53965.10992928 51.02 283.210605  40.202948 19.753
 51    86.282 54000.10988319 44.28 283.214271  40.190725 19.778
 51    86.459 54000.10988383 51.59 283.213191  40.193985 19.778
 51    86.391 54000.10988448 53.57 283.212111  40.197255 19.778
 51    86.376 54000.10988512 50.65 283.211041  40.200525 19.778
 51    86.371 54000.10988577 51.88 283.209961  40.203785 19.778
 52    86.866 54035.10992609 48.49 283.220827  40.187458 18.959
 52    87.024 54035.10992673 52.36 283.219747  40.190718 18.959
 52    86.821 54035.10992738 52.01 283.218667  40.193988 18.959
 52    86.926 54035.10992802 51.37 283.217597  40.197258 18.959
 52    87.045 54035.10992867 49.88 283.216517  40.200518 18.959
 53    91.559 54070.10991986 17.02 283.222434  40.186939  7.369
 53    91.123 54070.10992050 18.02 283.221354  40.190199  7.369
 53    90.630 54070.10992115 19.05 283.220274  40.193469  7.369
 53    86.761 54070.10992179 25.54 283.219204  40.196739  7.369
 53    87.290 54070.10992244 29.82 283.218124  40.199999  7.369
 54    86.821 54105.10987416 51.65 283.225183  40.186152 18.193
 54    88.029 54105.10987480 53.34 283.224113  40.189422 18.193
 54    86.733 54105.10987545 51.37 283.223033  40.192692 18.193
 54    86.923 54105.10987609 49.76 283.221963  40.195952 18.193
 55   161.084 54140.10985272  4.51 283.216120  40.190205  5.077
 55   163.109 54140.10985337  3.79 283.215050  40.193475  5.077
 55   165.908 54140.10985401  3.00 283.213970  40.196735  5.077
 55   168.305 54140.10985465  3.66 283.212900  40.200005  5.077
 55   166.268 54140.10985530  5.99 283.211820  40.203275  5.077
 56   111.414 54175.10985455 16.94 283.222087  40.188463  6.207
 56   122.754 54175.10985519 14.32 283.221017  40.191733  6.207
 56   142.354 54175.10985584 14.50 283.219937  40.195003  6.207
 56   113.482 54175.10985648 16.75 283.218867  40.198263  6.207
 57    87.885 54210.10985925 34.77 283.215134  40.190832  9.012
 57    88.553 54210.10985989 28.93 283.214064  40.194102  9.012
 57    87.857 54210.10986054 28.35 283.212984  40.197372  9.012
 57    87.708 54210.10986118 31.65 283.211904  40.200632  9.012
 57    87.766 54210.10986183 32.49 283.210834  40.203902  9.012
 58    86.977 54245.10988985 44.61 283.218512  40.189840 12.009
 58    86.302 54245.10989050 36.37 283.217432  40.193100 12.009
 58    85.741 54245.10989114 22.83 283.216362  40.196370 12.009
 58    85.458 54245.10989179 27.06 283.215282  40.199640 12.009
 59   107.241 54280.10990092 20.98 283.219513  40.188373  9.319
 59   107.658 54280.10990156 21.87 283.218433  40.191643  9.319
 59   106.667 54280.10990221 20.76 283.217353  40.194903  9.319
 59   109.615 54280.10990285 15.59 283.216283  40.198173  9.319
 59   107.029 54280.10990350 19.97 283.215203  40.201443  9.319
 60    85.971 54315.10989970 46.51 283.223120  40.186918 18.772
 60    85.775 54315.10990035 53.29 283.222050  40.190188 18.772
 60    85.716 54315.10990099 48.78 283.220970  40.193458 18.772
 60    85.742 54315.10990164 32.85 283.219900  40.196718 18.772
 61    85.872 54350.10986838 43.59 283.224489  40.186732 12.368
 61    85.710 54350.10986902 42.56 283.223409  40.189992 12.368
 61    85.139 54350.10986967 26.33 283.222339  40.193262 12.368
 61    85.406 54350.10987031 20.84 283.221259  40.196532 12.368
 62    87.191 54385.10983845 24.21 283.219355  40.187825 10.143
 62    94.288 54385.10983910 18.77 283.218275  40.191085 10.143
 62    93.612 54385.10983974 18.21 283.217195  40.194355 10.143
 62    88.030 54385.10984039 19.96 283.216125  40.197625 10.143
 62    93.084 54385.10984103 19.18 283.215045  40.200885 10.143
 63    92.350 54420.10981767 15.88 283.223295  40.185557  5.062
 63   109.895 54420.10981832 14.75 283.222215  40.188827  5.062
 63    97.499 54420.10981896 15.42 283.221135  40.192097  5.062
 63   101.722 54420.10981961 16.08 283.220065  40.195357  5.062
 63   110.400 54420.10982025 16.01 283.218985  40.198627  5.062
 64    86.872 54455.10981111 52.97 283.214697  40.192058 20.217
 64    86.867 54455.10981176 54.25 283.213627  40.195328 20.217
 64    86.846 54455.10981240 49.20 283.212547  40.198588 20.217
 64    86.866 54455.10981304 47.96 283.211477  40.201858 20.217
 64    87.052 54455.10981369 44.83 283.210397  40.205128 20.217
 65    87.198 54490.10981820 29.37 283.223068  40.187096 11.023
 65    87.205 54490.10981885 32.29 283.221998  40.190366 11.023
 66   108.601 54525.10982346 14.06 283.219042  40.189981 12.775
 66    96.956 54525.10982410 14.93 283.217962  40.193251 12.775
 66    94.365 54525.10982475 16.07 283.216892  40.196511 12.775
 66    97.683 54525.10982539 16.67 283.215812  40.199781 12.775
 67   182.800 54560.10982742  1.60 283.222734  40.187746  3.419
 67   172.735 54560.10982807  2.54 283.221664  40.191006  3.419
 67   172.964 54560.10982871  3.29 283.220584  40.194276  3.419
 67   169.823 54560.10982935  2.80 283.219504  40.197546  3.419
 68    99.388 54595.10981978 31.29 283.218765  40.189816 19.752
 68    89.425 54595.10982042 38.52 283.217685  40.193086 19.752
 68    88.229 54595.10982107 47.65 283.216615  40.196356 19.752
 68    88.254 54595.10982171 44.94 283.215535  40.199616 19.752
 69    85.844 54630.10983326 47.23 283.219462  40.187484 19.808
 69    86.505 54630.10983391 52.56 283.218382  40.190754 19.808
 69    86.119 54630.10983455 51.64 283.217302  40.194024 19.808
 69    86.112 54630.10983520 52.32 283.216232  40.197294 19.808
 69    86.064 54630.10983584 51.35 283.215152  40.200554 19.808
 70    86.758 54665.10984069 49.70 283.216667  40.191370 17.980
 70    85.865 54665.10984134 52.59 283.215587  40.194640 17.980
 70    85.801 54665.10984198 52.46 283.214517  40.197900 17.980
 70    85.775 54665.10984263 52.88 283.213437  40.201170 17.980
 70    85.903 54665.10984327 48.14 283.212367  40.204440 17.980
 71   107.075 54700.10981011 21.80 283.226015  40.186433  8.278
 71   107.173 54700.10981075 22.09 283.224935  40.189703  8.278
 71   110.641 54700.10981140 14.46 283.223865  40.192963  8.278
 71   107.121 54700.10981204 17.96 283.222785  40.196233  8.278
 72   171.319 54735.10979930  3.61 283.215801  40.189839  3.473
 72   172.680 54735.10979995  3.37 283.214721  40.193109  3.473
 72   205.972 54735.10980059  1.29 283.213651  40.196379  3.473
 73    87.683 54770.10978986 42.18 283.223415  40.185505 20.448
 73    86.300 54770.10979051 52.07 283.222335  40.188775 20.448
 73    86.284 54770.10979115 54.20 283.221265  40.192035 20.448
 73    86.251 54770.10979180 52.05 283.220185  40.195305 20.448
 73    86.274 54770.10979244 52.77 283.219105  40.198575 20.448
 74    88.067 54805.10979345 45.50 283.213973  40.192685 13.704
 74    86.509 54805.10979409 45.21 283.212893  40.195945 13.704
 74    86.711 54805.10979474 39.25 283.211823  40.199215 13.704
 74    86.498 54805.10979538 41.41 283.210743  40.202485 13.704
 75    92.635 54840.10978560 16.50 283.220635  40.188537  6.742
 75    92.153 54840.10978624 18.88 283.219565  40.191797  6.742
 75    92.919 54840.10978689 19.99 283.218485  40.195067  6.742
 75    90.953 54840.10978753 23.80 283.217405  40.198337  6.742
 76    90.438 54875.10979375 18.25 283.216171  40.191568  5.152
 76    87.349 54875.10979440 20.22 283.215101  40.194828  5.152
 76    89.998 54875.10979504 21.55 283.214021  40.198098  5.152
 76    87.023 54875.10979569 23.87 283.212951  40.201368  5.152
 76    87.003 54875.10979633 24.63 283.211871  40.204638  5.152
 77    86.869 54910.10979118 53.72 283.222159  40.188403 18.876
 77    86.873 54910.10979182 52.18 283.221089  40.191663 18.876
 77    86.879 54910.10979246 50.89 283.220009  40.194933 18.876
 77    86.934 54910.10979311 52.26 283.218939  40.198203 18.876
 78    87.408 54945.10978674 40.75 283.214638  40.191062 13.874
 78    86.920 54945.10978739 53.17 283.213568  40.194332 13.874
 78    86.977 54945.10978803 52.53 283.212488  40.197592 13.874
 78    86.901 54945.10978868 50.46 283.211408  40.200862 13.874
 78    86.905 54945.10978932 52.35 283.210338  40.204132 13.874
 79   157.453 54980.10981294  6.86 283.218451  40.189385  6.406
 79   157.075 54980.10981358  6.89 283.217371  40.192655  6.406
 79   156.585 54980.10981423  7.56 283.216301  40.195925  6.406
 79   159.755 54980.10981487  6.56 283.215221  40.199185  6.406
 80   107.658 55015.10981525 19.30 283.220140  40.187377 10.916
 80   108.367 55015.10981589 20.94 283.219070  40.190637 10.916
 80   107.954 55015.10981654 21.47 283.217990  40.193907 10.916
 80   108.236 55015.10981718 19.86 283.216910  40.197177 10.916
 80   107.917 55015.10981783 20.53 283.215840  40.200447 10.916
 81    86.793 55050.10980969 52.66 283.220656  40.188984 18.956
 81    86.536 55050.10981033 52.30 283.219576  40.192254 18.956
 81    86.487 55050.10981098 53.32 283.218496  40.195524 18.956
 81    86.479 55050.10981162 54.24 283.217426  40.198794 18.956
 82    93.365 55085.10977604 15.61 283.225227  40.186386  4.715
 82    96.361 55085.10977669 15.14 283.224157  40.189656  4.715
 82    97.598 55085.10977733 14.85 283.223077  40.192926  4.715
 82    87.882 55085.10977798 20.58 283.222007  40.196186  4.715
 83   163.766 55120.10974260  6.32 283.217708  40.190689  7.885
 83   157.931 55120.10974324  6.53 283.216628  40.193959  7.885
 83   162.874 55120.10974389  5.75 283.215558  40.197219  7.885
 83   146.442 55120.10974453 10.83 283.214478  40.200489  7.885
 84   201.384 55155.10973584  1.34 283.220928  40.188733  3.303
 84   201.001 55155.10973649  5.59 283.219858  40.191993  3.303
 84   200.529 55155.10973713  3.72 283.218778  40.195263  3.303
 84   206.109 55155.10973778  1.29 283.217698  40.198533  3.303
 85    87.686 55190.10973196 41.17 283.215398  40.189491 13.497
 85    86.866 55190.10973261 51.83 283.214318  40.192761 13.497
 85    87.029 55190.10973325 53.20 283.213238  40.196021 13.497
 85    87.082 55190.10973390 45.90 283.212168  40.199291 13.497
 86   107.686 55225.10973538 14.64 283.221640  40.186190  8.266
 86    96.211 55225.10973603 16.21 283.220560  40.189460  8.266
 86    91.223 55225.10973667 18.82 283.219490  40.192720  8.266
 86    91.080 55225.10973732 18.83 283.218410  40.195990  8.266
 86    89.081 55225.10973796 23.85 283.217330  40.199260  8.266
 87   109.377 55260.10972685 13.21 283.220410  40.187043 10.405
 87   111.135 55260.10972750 13.80 283.219330  40.190303 10.405
 87    97.556 55260.10972814 14.10 283.218250  40.193573 10.405
 87    90.933 55260.10972879 20.32 283.217180  40.196843 10.405
 87    86.803 55260.10972943 28.85 283.216100  40.200103 10.405
 88    92.091 55295.10972149 20.27 283.224087  40.186019  6.665
 88   109.845 55295.10972214 17.43 283.223007  40.189289  6.665
 88   110.300 55295.10972278 17.67 283.221937  40.192559  6.665
 88   113.125 55295.10972342 18.38 283.220857  40.195819  6.665
 88    98.186 55295.10972407 21.49 283.219787  40.199089  6.665
 89    86.556 55330.10970930 45.81 283.217728  40.188311 18.288
 89    86.704 55330.10970995 51.38 283.216648  40.191581 18.288
 89    86.744 55330.10971059 51.91 283.215568  40.194851 18.288
 89    86.664 55330.10971124 51.10 283.214498  40.198121 18.288
 89    86.647 55330.10971188 52.55 283.213418  40.201381 18.288
 90    87.384 55365.10970256 48.82 283.222617  40.187356 20.283
 90    86.369 55365.10970320 53.31 283.221547  40.190616 20.283
 90    86.164 55365.10970384 52.45 283.220467  40.193886 20.283
 90    86.216 55365.10970449 52.60 283.219387  40.197156 20.283
 91    86.402 55400.10971476 44.20 283.215739  40.190260 14.534
 91    86.264 55400.10971540 50.07 283.214659  40.193530 14.534
 91    86.605 55400.10971605 49.23 283.213589  40.196800 14.534
 91    86.717 55400.10971669 47.50 283.212509  40.200060 14.534
 91    86.523 55400.10971734 48.28 283.211429  40.203330 14.534
 92    86.356 55435.10971933 44.26 283.223095  40.186883 19.081
 92    86.008 55435.10971998 53.86 283.222025  40.190153 19.081
 92    86.034 55435.10972062 52.34 283.220945  40.193413 19.081
 92    85.897 55435.10972127 52.13 283.219865  40.196683 19.081
 92    86.102 55435.10972191 50.74 283.218795  40.199953 19.081
 93   179.111 55470.10967246  2.44 283.227260  40.184886  4.021
 93   179.999 55470.10967310  2.53 283.226190  40.188156  4.021
 93   185.355 55470.10967439  2.75 283.224040  40.194686  4.021
 93   170.249 55470.10967504  2.30 283.222960  40.197956  4.021
