-214561.058   424.504     0.00   33.40
-214185.826   419.843   -12.42   33.80
-213810.624   414.722   -13.65   28.23
-213435.451   400.290   -38.48   30.34
-213060.308   386.106   -37.82   39.21
-212685.194   356.467   -79.03   49.25
-212310.109   320.727   -95.31   50.25
-211935.054   297.114   -62.97   47.33
-211560.028   282.228   -39.70   32.94
-211185.032   290.370    21.72   41.35
-210810.065   321.565    83.21   56.94
-210435.127   351.870    80.84   51.01
-210060.218   386.153    91.46   40.91
-209685.339   414.332    75.18   38.10
-209310.489   430.271    42.53   27.76
-208935.669   438.963    23.20   19.97
-208560.877   439.910     2.53   16.67
-208186.115   438.702    -3.22   18.40
-207811.383   439.810     2.96   22.81
-207436.679   435.593   -11.26   24.63
-207062.005   428.545   -18.81   27.43
-206687.360   418.153   -27.74   26.74
-206312.744   408.090   -26.87   21.72
-205938.158   405.197    -7.73   21.87
-205563.601   400.408   -12.79   26.78
-205189.073   393.075   -19.58   28.12
-204814.574   375.290   -47.50   28.55
-204440.104   359.208   -42.96   28.01
-204065.664   344.599   -39.02   26.77
-203691.252   341.870    -7.29   29.59
-203316.870   340.272    -4.27   33.02
-202942.517   344.887    12.33   36.37
-202568.193   346.046     3.10   36.58
-202193.899   341.392   -12.44   31.50
-201819.633   331.750   -25.77   33.48
-201445.397   322.390   -25.02   34.05
-201071.189   314.136   -22.06   31.11
-200697.011   309.683   -11.90   28.54
-200322.862   303.228   -17.25   28.52
-199948.742   294.271   -23.95   31.04
-199574.651   291.545    -7.29   27.37
-199200.589   295.770    11.30   30.94
-198826.556   315.722    53.35   37.04
-198452.553   337.102    57.18   33.20
-198078.578   360.859    63.54   26.64
-197704.632   371.581    28.68   21.18
-197330.716   372.545     2.58   17.53
-196956.828   369.770    -7.42   18.70
-196582.970   357.710   -32.26   23.33
-196209.140   344.599   -35.08   27.88
-195835.339   335.610   -24.05   31.26
-195461.568   325.541   -26.94   27.01
-195087.825   323.097    -6.54   25.68
-194714.112   330.075    18.67   26.62
-194340.427   338.065    21.39   18.95
-193966.771   341.683     9.68   14.60
-193593.144   338.250    -9.19   17.43
-193219.547   330.430   -20.94   16.10
-192845.978   324.103   -16.94   17.95
-192472.438   322.094    -5.38   21.74
-192098.926   323.270     3.15   23.60
-191725.444   318.550   -12.64   28.18
-191351.991   310.214   -22.33   34.16
-190978.567   290.750   -52.13   36.05
-190605.171   272.075   -50.02   34.02
-190231.804   266.550   -14.80   32.31
-189858.466   273.045    17.40   39.61
-189485.157   284.212    29.92   40.22
-189111.877   303.351    51.28   26.44
-188738.626   307.192    10.29   18.72
-188365.404   303.269   -10.51   23.82
-187992.210   296.387   -18.45   29.63
-187619.045   279.750   -44.59   30.24
-187245.909   255.849   -64.07   48.09
-186872.802   222.698   -88.87   58.73
-186499.723   194.433   -75.78   47.08
-186126.673   181.470   -34.75   30.81
-185753.652   189.527    21.60   43.07
-185380.660   214.898    68.03   54.82
-185007.697   239.821    66.84   55.17
-184634.762   270.016    80.98   54.45
-184261.856   295.075    67.21   38.07
-183888.979   305.800    28.77   27.76
-183516.130   301.750   -10.86   25.60
-183143.310   300.831    -2.47   24.05
-182770.519   304.545     9.97   25.81
-182397.757   310.581    16.19   23.66
-182025.023   311.977     3.75   19.03
-181652.318   313.330     3.63   18.53
-181279.641   307.718   -15.06   19.93
-180906.994   305.585    -5.73   21.62
-180534.375   304.690    -2.40   20.35
-180161.784   302.730    -5.26   18.59
-179789.222   304.770     5.48   17.98
-179416.689   302.487    -6.13   17.76
-179044.184   297.223   -14.13   21.77
-178671.708   287.467   -26.20   32.51
-178299.261   272.963   -38.95   34.89
-177926.842   259.210   -36.94   38.04
-177554.451   231.130   -75.42   55.83
-177182.090   201.150   -80.53   59.18
-176809.757   170.065   -83.50   53.07
-176437.452   153.447   -44.64   39.64
-176065.176   152.250    -3.22   37.39
-175692.928   157.630    14.46   41.20
-175320.709   163.522    15.83   43.58
-174948.519   164.228     1.90   38.92
-174576.357   161.349    -7.74   34.46
-174204.223   166.545    13.97   35.82
-173832.118   171.330    12.86   44.53
-173460.042   191.094    53.13   52.30
-173087.994   198.530    19.99   57.57
-172715.974   203.425    13.16   57.51
-172343.983   209.090    15.23   55.33
-171972.021   201.467   -20.50   52.13
-171600.086   198.830    -7.09   47.48
-171222.607   198.933     0.27   48.61
-170844.939   203.800    12.89   49.59
-170467.300   216.433    33.46   51.62
-170089.690   237.090    54.72   54.54
-169712.110   247.484    27.53   46.33
-169334.559   245.090    -6.34   44.83
-168957.037   241.351    -9.91   38.98
-168579.544   239.430    -5.09   32.75
-168202.081   239.430     0.00   30.11
-167824.648   248.514    24.07   28.82
-167447.243   261.910    35.50   27.91
-167069.868   277.484    41.28   19.75
-166692.522   292.070    38.66   18.95
-166315.205   305.930    36.74   23.46
-165937.918   317.690    31.18   27.86
-165560.660   338.541    55.28   34.12
-165183.431   358.192    52.10   34.75
-164806.232   382.930    65.59   42.78
-164429.061   409.330    70.01   43.04
-164051.920   439.741    80.65   41.41
-163674.808   467.810    74.44   43.09
-163297.726   485.882    47.93   54.29
-162920.672   505.251    51.38   61.76
-162543.648   527.288    58.46   61.06
-162166.653   547.996    54.94   57.90
-161789.687   556.730    23.17   45.09
-161412.750   551.428   -14.07   46.27
-161035.843   515.390   -95.63   56.26
-160658.964   465.456  -132.52   67.33
-160282.115   424.389  -108.99   64.11
-159905.295   406.560   -47.32   57.82
-159528.504   450.741   117.28   95.81
-159151.742   520.412   184.95   92.01
-158775.009   580.870   160.51   50.10
-158398.305   605.212    64.63   14.88
-158021.630   604.250    -2.55   14.66
-157644.985   595.849   -22.31   14.54
-157268.368   585.310   -27.99   11.83
-156891.781   574.938   -27.55   12.76
-156515.223   567.514   -19.72   12.81
-156138.693   563.070   -11.80   10.88
-155762.193   556.190   -18.28   15.34
-155385.722   552.739    -9.17   20.64
-155009.279   551.781    -2.55   22.58
-154632.866   551.270    -1.36   25.07
-154256.482   553.702     6.46   23.74
-153880.127   551.918    -4.74   21.17
-153503.800   546.487   -14.43   21.33
-153127.503   534.882   -30.84   25.07
-152751.235   524.706   -27.05   23.44
-152374.995   512.016   -33.73   19.23
-151998.785   506.767   -13.96   15.90
-151622.603   507.545     2.07   20.22
-151246.451   507.110    -1.16   22.84
-150870.327   510.879    10.02   22.61
-150494.233   512.898     5.37   17.15
-150118.167   522.310    25.03   20.05
-149742.130   539.212    44.95   27.78
-149366.122   556.093    44.90   23.82
-148990.143   561.650    14.78   18.38
-148614.193   559.718    -5.14   15.21
-148238.271   555.710   -10.66   12.70
-147862.379   553.310    -6.39    9.36
-147486.515   552.859    -1.20    7.27
-147110.680   554.410     4.13    8.89
-146734.874   558.030     9.63   12.71
-146359.097   560.870     7.56   13.67
-145983.348   565.800    13.12   15.10
-145607.629   570.770    13.23   14.36
-145231.938   575.879    13.60   14.93
-144856.276   580.789    13.07   14.40
-144480.643   585.425    12.34   14.55
-144105.039   590.477    13.45   13.52
-143729.463   598.173    20.49   13.43
-143353.916   608.134    26.53   13.57
-142978.398   614.210    16.18   10.41
-142602.908   618.412    11.19    8.97
-142227.448   620.575     5.76   10.78
-141852.016   622.800     5.93   11.54
-141476.612   625.706     7.74   12.00
-141101.238   625.950     0.65   10.79
-140725.892   622.560    -9.03    8.85
-140350.575   620.010    -6.80    7.94
-139975.286   617.290    -7.25   12.97
-139600.026   605.770   -30.70   38.00
-139224.795   584.134   -57.67   60.92
-138849.592   557.180   -71.85   77.58
-138474.419   511.683  -121.29   82.83
-138099.273   507.739   -10.51   78.42
-137724.157   505.670    -5.52   75.60
-137349.069   498.134   -20.10   67.67
-136974.009   489.090   -24.12   81.24
-136598.978   450.487  -102.95   89.54
-136223.976   433.290   -45.86   93.79
-135849.003   459.370    69.56  112.44
-135474.058   497.428   101.52  114.68
-135099.141   522.175    66.02   99.95
-134724.253   555.590    89.14   69.42
-134349.394   568.727    35.05   39.26
-133974.563   543.590   -67.07   68.17
-133599.761   502.027  -110.91   87.24
-133224.987   436.910  -173.77   83.89
-132850.242   374.984  -165.27   50.77
-132475.525   341.820   -88.52   40.04
-132100.837   313.290   -76.15   25.63
-131726.177   300.930   -33.00   17.92
-131351.545   294.604   -16.89   16.82
-130976.943   290.757   -10.27   17.34
-130602.368   286.173   -12.24   16.49
-130227.822   281.268   -13.10   18.93
-129853.305   271.575   -25.88   25.49
-129478.816   262.208   -25.02   30.20
-129104.356   254.984   -19.30   31.89
-128729.923   245.925   -24.19   27.87
-128355.520   241.494   -11.84   27.56
-127981.144   242.730     3.30   34.44
-127606.797   243.268     1.44   44.32
-127232.479   235.996   -19.43   45.19
-126858.189   233.550    -6.54   47.26
-126483.927   223.349   -27.26   40.29
-126109.694   215.650   -20.58   38.57
-125735.489   203.677   -32.00   29.63
-125361.312   196.781   -18.43   30.74
-124987.164   193.565    -8.59   35.04
-124613.044   192.192    -3.67   39.14
-124238.952   187.086   -13.65   38.31
-123864.889   183.714    -9.01   37.15
-123490.853   180.670    -8.14   37.37
-123116.847   183.249     6.90   42.81
-122742.868   185.147     5.08   41.98
-122368.918   186.045     2.40   39.16
-121994.996   187.565     4.07   34.74
-121621.103   188.375     2.17   35.23
-121247.237   183.190   -13.87   34.85
-120873.400   171.004   -32.60   31.58
-120499.591   165.870   -13.74   26.75
-120125.810   160.526   -14.30   20.84
-119752.058   163.514     8.00   25.04
-119378.334   175.977    33.35   35.20
-119004.638   189.245    35.51   41.20
-118630.970   217.950    76.83   45.71
-118257.330   243.643    68.77   38.14
-117883.719   261.990    49.11   25.12
-117510.136   265.990    10.71   25.30
-117136.581   261.670   -11.57   27.10
-116763.054   246.618   -40.30   27.85
-116389.555   240.487   -16.42   27.87
-116016.084   231.670   -23.61   31.65
-115642.642   230.330    -3.59   35.70
-115269.227   234.545    11.29   36.28
-114895.841   231.094    -9.24   34.52
-114522.483   234.604     9.40   29.51
-114149.153   230.450   -11.13   26.97
-113775.851   216.616   -37.06   29.51
-113402.577   206.702   -26.56   25.83
-113029.331   197.223   -25.40   24.41
-112656.114   194.781    -6.55   25.55
-112282.924   185.456   -24.99   29.20
-111909.762   171.506   -37.39   31.89
-111536.629   145.879   -68.69   35.72
-111163.523   128.510   -46.56   29.18
-110790.446   114.290   -38.12   20.61
-110417.396   107.748   -17.54   17.36
-110044.375   107.918     0.46   17.57
-109671.381   113.123    13.96   25.69
-109298.416   115.251     5.71   32.67
-108925.478   113.106    -5.75   29.40
-108552.569   110.331    -7.44   19.28
-108179.687   106.750    -9.60   12.08
-107806.834   112.390    15.13   15.53
-107434.008   123.130    28.81   22.39
-107061.210   132.820    26.00   24.14
-106688.441   131.310    -4.05   25.20
-106315.699   129.962    -3.62   26.33
-105942.985   131.957     5.35   29.31
-105570.299   131.535    -1.13   31.96
-105197.641   129.830    -4.57   31.23
-104825.011   120.830   -24.16   30.70
-104452.409   104.879   -42.82   27.98
-104079.834    91.590   -35.67   20.50
-103707.288    88.433    -8.48   16.01
-103334.769    89.970     4.13   16.33
-102962.278    98.210    22.12   21.97
-102589.815   114.930    44.90   31.91
-102217.380   133.565    50.04   37.07
-101844.973   145.212    31.28   33.82
-101472.593   151.167    15.99   26.53
-101100.242   137.206   -37.50   31.78
-100727.918   113.010   -64.99   32.38
-100355.622    94.097   -50.81   27.50
 -99983.354    78.840   -40.99   22.24
 -99611.113    66.984   -31.85    8.10
 -99238.900    63.094   -10.45    4.05
 -98866.716    68.126    13.52   23.41
 -98494.558    84.510    44.03   44.87
 -98122.429   104.050    52.51   53.84
 -97750.327   125.657    58.07   52.88
 -97378.253   138.430    34.33   43.37
 -97006.207   152.395    37.54   23.69
 -96634.189   149.977    -6.50   16.66
 -96256.718   141.608   -22.17   15.84
 -95879.109   134.739   -18.19   20.37
 -95501.528   127.914   -18.08   26.39
 -95123.975   118.596   -24.68   31.92
 -94746.452   106.938   -30.88   35.41
 -94368.956    92.550   -38.12   32.53
 -93991.490    94.984     6.45   36.39
 -93614.052   110.270    40.50   42.64
 -93236.642   133.526    61.63   41.49
 -92859.261   161.190    73.31   31.45
 -92481.909   177.841    44.13   24.91
 -92104.585   191.710    36.76   17.52
 -91727.289   199.614    20.95   10.81
 -91350.022   197.859    -4.65   12.70
 -90972.784   191.922   -15.74   14.43
 -90595.574   184.210   -20.45   15.46
 -90218.393   177.950   -16.60   15.51
 -89841.240   168.810   -24.24   16.27
 -89464.115   152.251   -43.91   25.57
 -89087.019   138.201   -37.26   25.46
 -88709.952   133.841   -11.57   26.35
 -88332.913   141.575    20.52   37.81
 -87955.902   160.433    50.02   40.90
 -87578.920   184.599    64.11   34.47
 -87201.966   198.820    37.73   24.19
 -86825.041   197.410    -3.74   27.97
 -86448.144   194.188    -8.55   31.78
 -86071.275   175.212   -50.36   36.51
 -85694.435   169.510   -15.13   35.64
 -85317.623   175.984    17.18   43.21
 -84940.839   200.950    66.27   46.13
 -84564.084   231.049    79.90   22.39
 -84187.358   236.349    14.07   17.82
 -83810.659   234.290    -5.47   20.02
 -83433.989   219.759   -38.58   28.01
 -83057.347   198.370   -56.79   36.33
 -82680.734   182.616   -41.83   29.84
 -82304.149   176.510   -16.22   22.57
 -81927.592   178.223     4.55   19.04
 -81551.063   183.670    14.47   11.02
 -81174.563   189.873    16.48   22.07
 -80798.091   203.167    35.32   46.73
 -80421.647   222.800    52.16   56.91
 -80045.232   241.473    49.61   58.48
 -79668.845   246.130    12.37   50.72
 -79292.486   248.730     6.91   40.14
 -78916.155   257.750    23.97   43.87
 -78539.853   288.690    82.23   57.38
 -78163.578   303.930    40.51   51.25
 -77787.332   307.990    10.79   50.19
 -77411.115   294.852   -34.92   53.80
 -77034.925   274.643   -53.72   38.18
 -76658.763   257.027   -46.83   22.87
 -76282.630   248.585   -22.45   26.65
 -75906.525   235.070   -35.94   28.68
 -75530.448   216.890   -48.34   27.05
 -75154.399   204.585   -32.73   23.51
 -74778.379   208.927    11.55   32.16
 -74402.386   229.702    55.26   49.19
 -74026.422   254.842    66.87   44.59
 -73650.486   279.010    64.29   27.85
 -73274.577   294.831    42.09   13.60
 -72898.697   302.730    21.02   22.97
 -72522.845   324.502    57.93   33.85
 -72147.022   332.134    20.31   49.35
 -71771.226   308.770   -62.18   73.72
 -71395.458   260.643  -128.08   86.84
 -71019.719   203.490  -152.12   65.32
 -70644.007   159.010  -118.40   30.35
 -70268.323   141.710   -46.05   18.55
 -69892.668   142.412     1.87   24.97
 -69517.040   166.927    65.27   52.43
 -69141.441   225.192   155.14   81.65
 -68765.870   268.395   115.04   64.28
 -68390.326   274.428    16.06   53.30
 -68014.811   257.670   -44.63   52.49
 -67639.323   223.310   -91.51   32.24
 -67263.864   199.487   -63.46   20.98
 -66888.432   186.374   -34.93   18.62
 -66513.029   176.761   -25.61   16.27
 -66137.653   179.608     7.58   19.83
 -65762.306   191.790    32.46   21.72
 -65386.986   198.123    16.87   18.99
 -65011.694   199.470     3.59   15.57
 -64636.430   189.570   -26.38   20.24
 -64261.195   175.830   -36.62   19.96
 -63885.987   166.330   -25.32   17.38
 -63510.807   160.950   -14.34   15.58
 -63135.654   161.016     0.18   15.94
 -62760.530   169.210    21.85   26.45
 -62385.434   190.950    57.96   54.03
 -62010.365   241.310   134.28   80.27
 -61635.324   274.914    89.61   72.79
 -61260.311   280.938    16.06   66.13
 -60885.326   267.223   -36.58   75.97
 -60510.369   214.970  -139.37   72.37
 -60135.440   167.249  -127.29   37.10
 -59760.538   143.270   -63.96   22.14
 -59385.665   134.650   -23.00   12.14
 -59010.819   136.902     6.01   13.84
 -58636.001   140.290     9.04   12.86
 -58261.210   141.636     3.59   10.16
 -57886.448   140.310    -3.54   10.98
 -57511.713   145.060    12.68   20.51
 -57137.006   164.290    51.32   37.99
 -56762.327   219.761   148.06   84.05
 -56387.675   262.190   113.26   84.86
 -56013.051   290.930    76.72   66.90
 -55638.455   301.510    28.25   57.89
 -55263.887   296.370   -13.72   54.23
 -54889.346   303.167    18.15   60.51
 -54514.834   347.022   117.10   77.39
 -54140.348   399.575   140.34   56.74
 -53765.891   410.414    28.95   49.15
 -53391.461   366.510  -117.26   90.22
 -53017.059   300.680  -175.84   96.04
 -52642.684   233.212  -180.22   79.05
 -52268.338   181.055  -139.34   37.27
 -51894.018   167.610   -35.92   27.90
 -51519.727   181.590    37.35   50.17
 -51145.463   217.070    94.80   67.41
 -50771.227   277.741   162.13   72.74
 -50397.018   330.147   140.05   61.92
 -50022.837   378.390   128.94   45.16
 -49648.683   407.897    78.87   25.53
 -49274.558   418.930    29.49   18.12
 -48900.459   414.164   -12.74   30.46
 -48526.389   393.750   -54.58   55.42
 -48152.345   353.722  -107.02   81.20
 -47778.330   317.010   -98.16   91.16
 -47404.342   268.630  -129.37   87.88
 -47030.381   229.370  -104.99   75.28
 -46656.449   198.470   -82.64   56.60
 -46282.543   174.677   -63.64   30.30
 -45908.665   170.618   -10.86   22.91
 -45534.815   177.800    19.21   35.50
 -45160.992   194.012    43.37   52.79
 -44787.197   227.739    90.23   76.14
 -44413.429   258.310    81.80   84.69
 -44039.688   297.859   105.82   79.98
 -43665.976   320.549    60.72   62.63
 -43292.290   325.210    12.47   50.44
 -42918.632   332.147    18.57   42.73
 -42545.002   328.470    -9.84   38.82
 -42171.398   320.514   -21.30   28.30
 -41797.823   306.331   -37.97   35.31
 -41424.275   286.094   -54.17   53.94
 -41050.754   256.310   -79.74   63.67
 -40677.260   227.330   -77.59   59.51
 -40303.794   201.248   -69.84   37.47
 -39930.356   200.610    -1.71   37.95
 -39556.945   215.750    40.55   51.22
 -39183.561   227.590    31.71   52.10
 -38810.204   237.290    25.98   45.23
 -38436.875   233.718    -9.57   49.95
 -38063.573   212.310   -57.35   55.97
 -37690.299   181.310   -83.05   44.89
 -37317.052   158.750   -60.44   33.18
 -36943.832   141.433   -46.40   21.49
 -36570.640   135.630   -15.55   12.57
 -36197.475   137.555     5.16   12.83
 -35824.337   146.757    24.66   20.35
 -35451.227   166.110    51.87   26.98
 -35078.143   191.723    68.65   34.70
 -34705.087   224.545    87.99   47.27
 -34332.059   246.039    57.62   38.81
 -33959.058   249.290     8.71   42.48
 -33586.083   234.677   -39.18   60.80
 -33213.137   199.930   -93.17   73.39
 -32840.217   155.510  -119.12   70.17
 -32467.325   116.739  -103.98   49.11
 -32094.460    90.683   -69.88   32.22
 -31721.622    72.049   -49.98   15.44
 -31348.811    64.510   -20.22    7.91
 -30976.027    60.922    -9.62    5.69
 -30603.271    60.830    -0.25    7.12
 -30230.542    62.190     3.65    8.23
 -29857.840    64.650     6.60    8.67
 -29485.165    66.670     5.42    6.98
 -29112.518    68.473     4.84    5.19
 -28739.898    68.596     0.33    5.76
 -28367.304    68.143    -1.21    7.67
 -27994.738    66.270    -5.03    8.16
 -27622.199    62.950    -8.91    9.03
 -27249.687    59.250    -9.93    8.32
 -26877.203    56.616    -7.07    7.23
 -26504.745    56.498    -0.32    7.52
 -26132.314    58.208     4.59    9.04
 -25759.911    61.225     8.10    8.75
 -25387.535    62.506     3.44    6.95
 -25015.186    62.506    -0.00    7.02
 -24642.863    62.130    -1.01    7.17
 -24270.568    62.623     1.32    7.59
 -23898.300    60.790    -4.92    8.40
 -23526.059    56.310   -12.04    9.81
 -23153.845    50.487   -15.65    9.77
 -22781.658    46.090   -11.81    7.14
 -22409.498    43.629    -6.61    4.99
 -22037.366    39.943    -9.91    5.21
 -21665.260    38.097    -4.96    6.81
 -21287.756    38.114     0.04    9.56
 -20910.213    38.450     0.89   12.64
 -20532.697    40.770     6.15   14.30
 -20155.209    42.010     3.28   14.07
 -19777.749    40.693    -3.49   12.99
 -19400.317    38.739    -5.18   12.13
 -19022.913    35.970    -7.34   12.68
 -18645.536    32.134   -10.17   11.66
 -18268.188    27.596   -12.03    9.67
 -17890.867    27.893     0.79    8.73
 -17513.573    32.134    11.24   10.78
 -17136.308    36.527    11.65   10.98
 -16759.070    37.970     3.82    8.33
 -16381.861    37.097    -2.31    6.95
 -16004.679    34.943    -5.71    6.62
 -15627.524    35.604     1.75    6.44
 -15250.398    38.473     7.61    6.53
 -14873.299    46.718    21.86   16.62
 -14496.227    55.596    23.54   21.33
 -14119.184    63.412    20.73   25.72
 -13742.168    77.670    37.82   34.18
 -13365.180    83.518    15.51   33.89
 -12988.220    90.950    19.71   30.36
 -12611.287   100.223    24.60   34.94
 -12234.382   101.192     2.57   32.81
 -11857.505    96.498   -12.46   33.53
 -11480.655    98.470     5.23   35.02
 -11103.833    92.739   -15.21   32.97
 -10727.039    92.677    -0.16   36.86
 -10350.272    83.918   -23.25   41.25
  -9973.533    69.375   -38.60   39.93
  -9596.821    52.390   -45.09   32.69
  -9220.137    39.984   -32.94   22.63
  -8843.481    27.550   -33.01   13.21
  -8466.852    21.490   -16.09   10.36
  -8090.251    17.208   -11.37    8.64
  -7713.677    17.086    -0.33    9.63
  -7337.131    22.225    13.65   12.26
  -6960.613    26.228    10.63   12.28
  -6584.122    32.210    15.89    9.92
  -6207.659    36.768    12.11   10.31
  -5831.223    40.759    10.60   18.04
  -5454.814    44.885    10.96   20.08
  -5078.434    39.938   -13.14   23.34
  -4702.080    34.265   -15.07   25.58
  -4325.755    21.698   -33.39   21.13
  -3949.456    11.523   -27.04   11.90
  -3573.186     8.616    -7.72    8.31
  -3196.942     6.800    -4.83    6.74
  -2820.726     7.290     1.30    6.88
  -2444.538     6.412    -2.33    5.52
  -2068.377     5.494    -2.44    5.27
  -1692.244     4.759    -1.95    4.87
  -1316.138     4.850     0.24    5.14
   -940.059     3.637    -3.23    5.04
   -564.008     2.310    -3.53    4.61
   -187.984     1.223    -2.89    4.36
    188.012     0.890    -0.89    4.08
    563.981     9.727    23.50   17.59
    939.923    23.330    36.18   25.53
   1315.837    39.990    44.32   24.17
   1691.724    49.490    25.27   16.19
   2067.583    49.840     0.93   14.46
   2443.415    40.332   -25.30   21.06
   2819.220    28.230   -32.20   21.05
   3194.997    20.893   -19.52   16.72
   3570.747    17.657    -8.61   11.69
   3946.470    24.670    18.67   11.93
   4322.165    31.250    17.51    9.06
   4697.833    34.126     7.66    6.45
   5073.474    33.799    -0.87    8.06
   5449.088    32.351    -3.86    8.06
   5824.674    28.657    -9.83    7.22
   6200.233    26.370    -6.09    7.43
   6575.764    24.494    -5.00    7.89
   6951.269    24.991     1.32    9.45
   7326.746    26.841     4.93   10.16
   7702.196    27.242     1.07   10.39
   8077.618    27.036    -0.55    9.31
   8453.013    24.885    -5.73    7.71
   8828.382    26.004     2.98    7.44
   9203.722    27.831     4.87    7.91
   9579.036    29.490     4.42    8.51
   9954.323    31.882     6.37    7.46
  10329.582    35.587     9.87    7.43
  10704.814    41.024    14.49    7.45
  11080.019    45.498    11.92    6.21
  11455.197    48.090     6.91    5.86
  11830.347    50.950     7.62    6.05
  12205.471    53.004     5.48    7.70
  12580.567    56.330     8.87    8.06
  12955.636    59.397     8.18    8.63
  13330.678    63.370    10.59    8.53
  13705.693    65.714     6.25    7.13
  14080.681    66.450     1.96    5.84
  14455.642    65.190    -3.36    5.97
  14830.575    63.050    -5.71    7.33
  15205.482    61.310    -4.64    8.35
  15580.361    60.757    -1.48    8.85
  15955.213    60.781     0.06    9.42
  16330.038    62.948     5.78    9.21
  16704.837    63.790     2.25    8.47
  17079.608    62.950    -2.24    8.84
  17454.352    63.410     1.23    8.57
  17829.069    64.045     1.69    9.75
  18203.759    62.779    -3.38    9.45
  18578.422    63.616     2.23    8.40
  18953.058    63.412    -0.54    8.17
  19327.667    63.779     0.98    6.68
  19702.248    62.637    -3.05    7.86
  20076.803    59.768    -7.66    9.53
  20451.331    54.228   -14.79   10.12
  20825.832    49.614   -12.32    9.10
  21200.306    49.467    -0.39    8.82
  21574.753    49.583     0.31    7.91
  21949.173    49.890     0.82   11.72
  22323.567    55.480    14.93   12.83
  22697.933    59.698    11.27   12.94
  23072.272    61.490     4.79    7.97
  23446.584    59.575    -5.12    9.19
  23820.870    52.498   -18.91    9.17
  24195.128    48.204   -11.47    8.48
  24569.360    46.685    -4.06    6.99
  24943.565    49.188     6.69   10.09
  25317.743    52.410     8.61   11.80
  25691.893    56.070     9.78   12.54
  26066.018    60.269    11.22   14.34
  26440.115    63.190     7.81   15.80
  26814.185    64.267     2.88   15.13
  27188.229    69.370    13.64   14.99
  27562.245    76.757    19.75   14.29
  27936.235    83.938    19.20   11.40
  28310.198    90.290    16.99    8.70
  28684.134    92.430     5.72    8.33
  29058.044    95.977     9.49    7.41
  29431.926    99.498     9.42    8.15
  29805.782   104.850    14.32   10.82
  30179.611   113.245    22.46   14.94
  30553.414   119.750    17.40   18.64
  30927.189   130.768    29.48   20.82
  31300.938   140.890    27.08   22.16
  31674.660   154.310    35.91   23.29
  32048.355   162.616    22.23   21.04
  32422.023   157.412   -13.93   24.17
  32795.665   148.948   -22.65   25.50
  33169.280   139.535   -25.20   23.46
  33542.868   126.820   -34.03   20.67
  33916.430   116.331   -28.08   20.01
  34289.965   110.126   -16.61   16.52
  34663.473   107.714    -6.46   14.06
  35036.955   109.024     3.51   13.00
  35410.409   112.397     9.03   12.28
  35783.837   120.879    22.71   16.24
  36157.239   130.674    26.23   13.93
  36530.614   137.086    17.17   12.96
  36903.962   142.438    14.34    9.71
  37277.284   142.984     1.46    9.53
  37650.578   141.370    -4.32   11.06
  38023.847   139.850    -4.07   14.88
  38397.088   144.623    12.79   17.18
  38770.303   144.672     0.13   19.49
  39143.492   140.494   -11.20   21.81
  39516.654   137.289    -8.59   22.48
  39889.789   136.106    -3.17   22.35
  40262.898   144.450    22.36   25.26
  40635.980   161.650    46.10   24.41
  41009.035   173.616    32.07   20.22
  41382.064   178.539    13.20   18.81
  41755.067   175.590    -7.91   18.43
  42128.043   172.441    -8.44   16.11
  42500.992   177.570    13.75   16.99
  42873.915   184.623    18.91   20.07
  43246.811   191.106    17.39   20.34
  43619.681   197.392    16.86   20.56
  43992.524   205.249    21.07   17.38
  44365.341   214.075    23.67   16.72
  44738.131   218.204    11.08   17.21
  45110.895   216.730    -3.95   19.46
  45483.632   210.225   -17.45   26.52
  45856.343   199.670   -28.32   29.10
  46229.028   186.882   -34.31   30.74
  46601.686   176.170   -28.74   28.55
  46974.317   163.150   -34.94   20.54
  47346.922   157.963   -13.92   15.10
  47719.501   152.290   -15.23   13.70
  48092.053   151.245    -2.80   12.34
  48464.579   154.065     7.57   16.36
  48837.078   156.039     5.30   18.25
  49209.551   160.351    11.58   21.76
  49581.998   165.535    13.92   21.40
  49954.418   171.164    15.12   21.43
  50326.812   174.759     9.65   22.42
  50699.180   176.161     3.77   23.40
  51071.521   176.290     0.35   21.12
  51443.835   174.765    -4.10   18.09
  51816.124   178.467     9.94   18.51
  52188.386   186.745    22.24   21.91
  52560.622   195.269    22.90   24.05
  52932.831   202.462    19.32   21.83
  53305.071   206.555    10.99   19.24
  53682.583   209.950     8.99   16.31
  54060.068   214.371    11.71   16.50
  54437.525   217.637     8.65   17.46
  54814.956   220.831     8.46   16.06
  55192.359   219.870    -2.55   15.66
  55569.735   216.800    -8.14   15.83
  55947.084   211.225   -14.77   17.45
  56324.407   203.510   -20.45   16.74
  56701.702   198.332   -13.72   16.59
  57078.970   189.550   -23.28   16.53
  57456.210   183.373   -16.37   14.65
  57833.424   177.943   -14.39   16.63
  58210.611   174.249    -9.79   17.42
  58587.771   175.643     3.70   18.20
  58964.904   172.956    -7.13   18.71
  59342.010   173.164     0.55   16.94
  59719.088   172.610    -1.47   15.06
  60096.140   170.249    -6.26   12.73
  60473.165   169.494    -2.00   11.29
  60850.163   164.850   -12.32   10.91
  61227.134   157.984   -18.21    9.70
  61604.078   151.970   -15.95   12.99
  61980.995   152.352     1.01   14.76
  62357.885   155.453     8.23   13.86
  62734.748   158.086     6.99   10.83
  63111.584   158.228     0.38   10.18
  63488.393   155.690    -6.74    8.53
  63865.175   155.332    -0.95    8.91
  64241.930   153.430    -5.05    9.40
  64618.659   150.560    -7.62   10.05
  64995.360   146.310   -11.28   12.19
  65372.035   133.690   -33.50   18.44
  65748.683   126.685   -18.60   17.53
  66125.304   124.081    -6.91   15.92
  66501.898   128.810    12.56   15.91
  66878.465   137.045    21.87   11.66
  67255.005   143.790    17.91   13.01
  67631.519   147.718    10.43   11.68
  68008.006   150.820     8.24    8.82
  68384.465   148.289    -6.72    9.70
  68760.899   144.055   -11.25    9.53
  69137.305   137.185   -18.25   10.45
  69513.684   131.249   -15.77   12.59
  69890.037   125.935   -14.12   11.76
  70266.363   122.596    -8.87   11.34
  70642.662   119.004    -9.54    9.47
  71018.934   117.182    -4.84   10.49
  71395.179   117.575     1.04   11.99
  71771.398   121.480    10.38   12.26
  72147.590   124.977     9.29   10.03
  72523.755   127.065     5.55    8.04
  72899.894   126.527    -1.43    7.40
  73276.006   123.690    -7.54    7.66
  73652.091   120.674    -8.02    8.77
  74028.149   118.134    -6.75    9.56
  74404.181   117.201    -2.48   11.24
  74780.186   117.167    -0.09   12.35
  75156.164   117.310     0.38   11.34
  75532.116   117.435     0.33    9.21
  75908.041   115.371    -5.49    8.86
  76283.939   110.164   -13.85    8.13
  76659.811   104.943   -13.89    8.65
  77035.656    96.310   -22.97   10.48
  77411.474    87.831   -22.56   14.30
  77787.266    83.677   -11.05   13.85
  78163.031    84.693     2.70   14.69
  78538.769    88.230     9.41   14.43
  78914.481    92.114    10.34   11.69
  79290.166    85.830   -16.73   15.02
  79665.825    77.581   -21.96   13.67
  80041.457    72.820   -12.67   11.46
  80417.062    72.412    -1.09   10.88
  80792.641    75.820     9.07   12.20
  81168.193    80.602    12.73   13.82
  81543.719    87.462    18.27   11.43
  81919.218    93.351    15.68   12.48
  82294.691    99.670    16.83   11.28
  82670.137   102.650     7.94    8.78
  83045.557   106.718    10.84    6.39
  83420.950   106.831     0.30    7.38
  83796.316   105.130    -4.53    7.54
  84171.656   101.441    -9.83   10.42
  84546.970    94.030   -19.74   11.23
  84922.257    88.371   -15.08   10.75
  85297.517    86.290    -5.55   11.34
  85672.751    87.820     4.08   14.08
  86047.959    91.289     9.24   13.91
  86423.140    95.250    10.56   10.26
  86798.295    91.636    -9.63   10.78
  87173.423    84.535   -18.93   13.65
  87548.525    75.575   -23.88   13.59
  87923.600    69.045   -17.41   12.65
  88298.649    68.250    -2.12   13.10
  88673.672    72.351    10.93   14.34
  89048.668    78.977    17.67   12.00
  89423.638    84.941    15.90    9.79
  89798.581    91.718    18.08    8.55
  90173.498    93.902     5.82    7.44
  90548.388    91.310    -6.91    9.45
  90923.253    87.269   -10.78   11.69
  91298.090    85.185    -5.56   10.44
  91672.902    84.110    -2.87    9.45
  92047.687    88.093    10.63    8.71
  92422.446    90.890     7.46    7.30
  92797.178    93.164     6.07    6.65
  93171.884    92.861    -0.81    5.86
  93546.564    91.850    -2.70    6.05
  93921.218    88.768    -8.22    7.02
  94295.845    83.748   -13.40    8.92
  94670.446    79.549   -11.21    9.41
  95045.020    77.081    -6.59    7.04
  95419.569    79.289     5.90    8.80
  95794.091    83.330    10.79    9.03
  96168.587    89.290    15.91    8.09
  96543.056    92.246     7.89    7.54
  96917.499    94.810     6.85    7.05
  97291.916    94.560    -0.67    7.66
  97666.307    90.428   -11.04    9.65
  98040.672    84.462   -15.93    9.52
  98415.010    79.535   -13.16    7.29
  98789.322    76.854    -7.16    7.30
  99163.608    76.677    -0.47    8.45
  99537.868    77.664     2.64    9.02
  99912.101    80.414     7.35    9.09
 100286.309    81.414     2.67    7.97
 100660.490    79.310    -5.62    7.84
 101034.645    76.672    -7.05    9.11
 101408.773    70.555   -16.35    9.46
 101782.876    64.810   -15.35    9.37
 102156.953    60.331   -11.97    8.63
 102531.003    56.614    -9.93    9.31
 102905.027    55.330    -3.43    8.68
 103279.025    54.242    -2.91   10.26
 103652.997    49.841   -11.77   11.74
 104026.943    45.658   -11.18   12.29
 104400.863    43.677    -5.30   11.24
 104774.757    41.706    -5.27   10.80
 105148.624    41.643    -0.17   11.72
 105522.466    48.575    18.54   12.00
 105896.281    52.885    11.53    9.75
 106270.070    51.596    -3.45    9.06
 106643.834    47.643   -10.57   11.11
 107017.571    41.943   -15.25   12.01
 107391.282    38.331    -9.66   11.81
 107764.967    35.672    -7.11   10.57
 108138.626    33.290    -6.37   10.71
 108512.260    28.466   -12.91    8.82
 108885.867    28.016    -1.20    8.50
 109259.448    30.332     6.20   10.79
 109633.003    34.963    12.40   10.28
 110006.532    37.842     7.71    8.93
 110380.035    39.963     5.68    8.21
 110753.512    42.208     6.01    7.81
 111126.963    43.831     4.35    8.07
 111500.388    47.435     9.65    7.80
 111873.788    52.962    14.80    7.89
 112247.161    57.004    10.82    7.67
 112620.508    61.106    10.99    7.01
 112993.830    63.943     7.60    6.74
 113367.125    65.331     3.72    6.18
 113740.395    65.018    -0.84    5.63
 114113.638    63.990    -2.75    6.83
 114486.856    60.723    -8.75    8.33
 114860.048    57.624    -8.30    8.85
 115233.214    53.970    -9.79    8.37
 115606.354    53.410    -1.50    8.12
 115979.468    55.456     5.48    8.99
 116352.556    58.657     8.58    9.90
 116725.619    60.670     5.40    8.27
 117098.655    60.922     0.68    6.92
 117471.666    58.185    -7.34    6.02
 117844.651    54.745    -9.22    5.72
 118217.610    53.248    -4.01    5.65
 118590.543    51.331    -5.14    6.72
 118963.450    48.167    -8.48    8.23
 119336.332    43.616   -12.20    8.33
 119709.188    37.739   -15.76    8.33
 120082.018    30.412   -19.65    8.77
 120454.822    24.948   -14.65    8.33
 120827.600    20.351   -12.33    6.61
 121200.353    18.757    -4.28    5.89
 121573.080    19.882     3.02    8.51
 121945.781    21.371     4.00   10.06
 122318.456    22.555     3.18   10.64
 122691.106    22.739     0.49   10.70
 123063.730    21.188    -4.16    9.85
 123436.328    16.269   -13.20   10.24
 123808.900    12.767    -9.40   10.23
 124181.447     8.290   -12.02   10.42
 124553.968     6.395    -5.08    8.99
 124926.463     6.024    -1.00    8.06
 125298.933     6.790     2.06    9.12
 125671.377     7.290     1.34    9.57
 126043.795     4.750    -6.82   10.34
 126416.187     2.623    -5.71    9.42
 126788.554     1.289    -3.58    8.30
 127160.895    -0.429    -4.61    9.42
 127533.211    -1.377    -2.55    9.90
 127905.501    -2.710    -3.58    9.13
 128277.981    -3.690    -2.63    7.56
 128655.434    -0.812     7.62    9.32
 129032.861     5.435    16.55    9.72
 129410.261    10.610    13.71    9.63
 129787.635    14.136     9.34    9.50
 130164.982    19.370    13.87    8.82
 130542.304    23.789    11.71    7.94
 130919.598    27.310     9.33    7.96
 131296.867    27.596     0.76    7.80
 131674.109    24.246    -8.88    8.51
 132051.325    22.310    -5.13    9.90
 132428.514    18.331   -10.55   10.55
 132805.677    14.249   -10.82   10.68
 133182.814    11.065    -8.44   10.67
 133559.924     6.789   -11.34   10.01
 133937.008     2.870   -10.39   11.46
 134314.066    -1.820   -12.44   10.61
 134691.098    -5.070    -8.62   10.80
 135068.103    -8.502    -9.10    9.41
 135445.082   -13.419   -13.04   10.55
 135822.035   -22.877   -25.09   14.58
 136198.961   -33.343   -27.76   19.12
 136575.862   -43.773   -27.67   19.34
 136952.736   -44.755    -2.60   20.89
 137329.583   -43.282     3.91   22.28
 137706.405   -32.608    28.32   25.76
 138083.200   -21.649    29.08   22.99
 138459.969    -9.282    32.82   11.77
 138836.712    -2.158    18.91    9.40
 139213.429     5.898    21.38   11.34
 139590.119    12.034    16.28   14.00
 139966.784    21.943    26.30   13.66
 140343.422    30.331    22.27   11.95
 140720.034    34.514    11.11    9.84
 141096.620    37.392     7.64    8.48
 141473.179    36.267    -2.99    8.79
 141849.713    32.477   -10.06    9.24
 142226.220    26.657   -15.45   10.64
 142602.701    21.371   -14.04   11.78
 142979.156    12.596   -23.31   13.08
 143355.585     7.480   -13.59    9.46
 143731.988     8.670     3.16   12.84
 144108.365    13.180    11.98   17.53
 144484.716    16.650     9.22   16.51
 144861.040    18.055     3.73   13.14
 145237.339    17.596    -1.22   11.37
 145613.611    12.882   -12.53    8.06
 145989.858     8.935   -10.49    7.99
 146366.078     5.289    -9.69    7.76
 146742.272     0.071   -13.87    8.17
 147118.441    -4.384   -11.84    8.44
 147494.583    -7.232    -7.57    7.67
 147870.699    -6.544     1.83    9.97
 148246.789    -2.629    10.41   12.46
 148622.853     0.438     8.15    8.68
 148998.891     1.408     2.58    7.48
 149374.904    -0.603    -5.35    6.32
 149750.890    -3.098    -6.64    6.27
 150126.850    -6.328    -8.59    5.52
 150502.784    -7.935    -4.27    5.86
 150878.692    -8.792    -2.28    6.51
 151254.575   -10.294    -4.00    7.81
 151630.431   -11.648    -3.60    7.86
 152006.261   -12.336    -1.83    7.44
 152382.066   -13.629    -3.44    6.75
 152757.844   -15.098    -3.91    7.56
 153133.597   -17.711    -6.95    8.04
 153509.323   -16.910     2.13    7.72
 153885.024   -14.258     7.06    7.91
 154260.699   -10.533     9.91    6.91
 154636.348    -7.115     9.10    2.67
 155011.971    -6.649     1.24    2.52
 155387.568    -7.065    -1.11    3.75
 155763.139    -9.086    -5.38    5.72
 156138.685   -11.465    -6.34    6.60
 156514.204   -13.386    -5.11    6.87
 156889.698   -14.294    -2.42    6.90
 157265.166   -14.520    -0.60    7.88
 157640.608   -15.608    -2.90    8.34
 158016.024   -18.282    -7.12    9.78
 158391.414   -22.477   -11.17   12.20
 158766.779   -27.110   -12.34   12.37
 159142.117   -32.372   -14.02   12.41
 159517.430   -37.850   -14.59   12.52
 159892.717   -41.307    -9.21   10.92
 160267.979   -44.935    -9.67    7.97
 160643.214   -49.336   -11.73    8.85
 161018.424   -53.232   -10.38    8.97
 161393.608   -60.190   -18.54    8.07
 161768.766   -64.277   -10.89    5.89
 162143.899   -61.086     8.51    9.53
 162519.006   -53.127    21.21   13.56
 162894.087   -46.139    18.63   11.95
 163269.142   -41.792    11.59    8.70
 163644.171   -44.349    -6.82   13.32
 164019.175   -52.470   -21.65   16.96
 164394.153   -60.804   -22.22   16.47
 164769.106   -65.210   -11.75   13.43
 165144.033   -67.371    -5.76   11.93
 165518.934   -60.710    17.76   16.53
 165893.809   -52.544    21.78   15.83
 166268.659   -45.669    18.34   11.72
 166643.483   -41.098    12.19    6.79
 167018.281   -41.712    -1.64    5.51
 167393.054   -40.857     2.28    6.29
 167767.801   -42.461    -4.28    7.00
 168142.522   -44.465    -5.35    9.01
 168517.218   -51.894   -19.82   14.59
 168891.888   -63.286   -30.40   15.89
 169266.533   -74.290   -29.37   12.40
 169641.152   -81.023   -17.97    5.66
 170015.745   -82.808    -4.76    2.97
 170390.313   -83.137    -0.88    2.47
 170764.855   -81.465     4.46    5.02
 171139.372   -80.127     3.57    5.73
 171513.863   -79.482     1.72    6.07
 171888.328   -79.139     0.91    7.06
 172262.768   -80.498    -3.63    6.66
 172637.183   -82.477    -5.28    4.42
 173011.572   -83.690    -3.24    0.00
 173385.935   -83.690     0.00    0.00
 173760.273   -83.690     0.00    0.00
 174134.585   -83.690     0.00    0.00
 174508.872   -83.690     0.00    0.00
 174883.133   -83.690     0.00    0.00
 175257.368   -83.690     0.00    0.00
 175631.579   -83.690     0.00    0.00
 176005.763   -83.690     0.00    0.00
 176379.923   -83.690     0.00    0.00
 176754.056   -83.690     0.00    0.00
 177128.165   -83.690     0.00    0.00
 177502.248   -83.690     0.00    0.00
 177876.305   -83.690     0.00    0.00
 178250.337   -83.690     0.00    0.00
 178624.343   -83.690     0.00    0.00
 178998.325   -83.690     0.00    0.00
 179372.280   -83.690     0.00    0.00
 179746.211   -83.690     0.00    0.00
 180120.115   -83.252     1.17    2.18
 180493.995   -81.470     4.77    4.94
 180867.849   -79.777     4.53    6.21
 181241.678   -79.210     1.52    6.06
 181615.481   -78.232     2.62    6.16
 181989.259   -78.607    -1.00    5.54
 182363.011   -80.211    -4.29    4.69
 182736.738   -80.833    -1.66    4.83
 183110.440   -79.669     3.11    5.95
 183484.117   -78.626     2.79    6.82
 183857.768   -74.966     9.79    7.73
 184231.394   -71.775     8.54    6.74
 184604.994   -71.404     0.99    5.48
 184978.569   -70.894     1.37    5.91
 185352.119   -69.241     4.42    5.32
 185725.644   -67.523     4.60    5.18
 186099.143   -66.711     2.17    5.18
 186472.617   -66.996    -0.76    5.96
 186846.066   -66.646     0.94    7.86
 187219.489   -64.037     6.99    9.89
 187592.887   -60.461     9.58   11.35
 187966.260   -55.752    12.61    8.90
 188339.608   -52.200     9.51    3.62
 188712.930   -53.221    -2.73    4.72
 189086.227   -56.627    -9.12    6.45
 189459.499   -61.168   -12.16    7.52
 189832.746   -66.988   -15.59    9.03
 190205.968   -71.413   -11.86    8.32
 190579.164   -72.812    -3.75    7.85
 190952.335   -74.731    -5.14    7.85
 191325.481   -75.649    -2.46    7.62
 191698.601   -78.221    -6.89    7.06
 192071.697   -80.201    -5.31    5.96
 192444.767   -82.392    -5.87    3.65
 192817.812   -83.320    -2.49    2.51
 193190.832   -83.690    -0.99    0.00
 193563.827   -83.690     0.00    0.00
 193936.797   -83.690     0.00    0.00
 194309.741   -83.690     0.00    0.00
 194682.661   -83.690     0.00    0.00
 195055.555   -83.690     0.00    0.00
 195428.424   -83.690     0.00    0.00
 195801.268   -83.690     0.00    0.00
 196174.087   -83.690     0.00    0.00
 196546.881   -83.690     0.00    0.00
 196919.650   -83.690     0.00    0.00
 197292.393   -83.690     0.00    0.00
 197665.112   -83.690     0.00    0.00
 198037.806   -83.690     0.00    0.00
 198410.474   -83.690     0.00    0.00
 198783.117   -83.690     0.00    0.00
 199155.736   -83.690     0.00    0.00
 199528.329   -83.690     0.00    0.00
 199900.897   -83.690     0.00    0.00
 200273.440   -83.690     0.00    0.00
 200645.959   -82.732     2.57    6.56
 201018.452   -76.570    16.54   14.49
 201390.920   -68.733    21.04   18.61
 201763.363   -64.298    11.91   17.03
 202135.781   -63.334     2.59   14.72
 202508.175   -67.290   -10.62   12.83
 202880.543   -70.179    -7.76    9.76
 203253.291   -69.023     3.10   11.74
 203630.683   -67.935     2.88   12.48
 204008.050   -70.586    -7.02   12.06
 204385.390   -76.435   -15.50    7.87
 204762.705   -77.419    -2.61    7.98
 205139.995   -71.710    15.13   14.31
 205517.258   -60.857    28.76   18.12
 205894.496   -48.429    32.94   18.12
 206271.709   -39.430    23.85   13.22
 206648.895   -34.713    12.50    8.23
 207026.057   -34.070     1.70    7.88
 207403.192   -35.190    -2.97    7.17
 207780.302   -38.057    -7.60    8.54
 208157.386   -39.794    -4.60    8.42
 208534.445   -41.498    -4.52    7.04
 208911.478   -39.860     4.34    6.76
 209288.485   -38.562     3.44    8.17
 209665.467   -37.115     3.84    9.45
 210042.423   -34.914     5.84    9.79
 210419.354   -32.864     5.44   10.01
 210796.259   -30.833     5.39    7.41
 211173.138   -29.179     4.39    6.41
 211549.992   -27.925     3.33    5.83
 211926.821   -26.994     2.47    4.63
 212303.624   -30.016    -8.02    6.73
 212680.401   -33.190    -8.42    8.07
 213057.153   -37.261   -10.80    7.92
 213433.879   -40.392    -8.31    7.56
 213810.580   -45.429   -13.37    8.44
 214187.256   -52.440   -18.61   12.70
 214563.905   -60.486   -21.36   11.44
 214940.530   -67.023   -17.35   11.00
 215317.129   -73.812   -18.02    8.75
 215693.702   -77.146    -8.85    7.22
 216070.250   -78.415    -3.37    5.54
 216446.772   -76.485     5.12    6.41
 216823.269   -72.669    10.13    5.70
 217199.741   -69.277     9.01    3.82
 217576.187   -65.261    10.66    5.58
 217952.608   -62.711     6.77    6.48
 218329.003   -58.386    11.49    7.88
 218705.373   -51.544    18.17    9.34
 219081.718   -43.243    22.05   12.70
 219458.037   -33.419    26.10   13.26
 219834.330   -24.002    25.02   10.62
 220210.599   -20.625     8.97    7.98
 220586.842   -23.465    -7.55   10.08
 220963.059   -24.690    -3.25   10.97
 221339.251   -24.650     0.11   11.54
 221715.418   -25.103    -1.20   11.28
 222091.560   -23.169     5.14   10.45
 222467.676   -21.201     5.23   10.12
 222843.766   -16.754    11.82    9.13
 223219.832   -12.648    10.91    5.31
 223595.872   -10.603     5.44    4.38
 223971.887   -12.328    -4.59    6.03
 224347.876   -16.232   -10.38    7.36
 224723.841   -17.252    -2.71    7.26
 225099.779   -17.711    -1.22    7.67
 225475.693   -17.541     0.45    6.46
 225851.581   -18.139    -1.59    5.80
 226227.444   -18.646    -1.35    4.35
 226603.282   -17.527     2.98    4.73
 226979.095   -16.440     2.89    5.51
 227354.882   -15.127     3.49    6.08
 227730.644   -12.894     5.94    5.22
 228106.381   -11.477     3.77    4.69
 228482.092   -10.626     2.26    4.89
 228857.779   -10.907    -0.75    4.79
 229233.440   -11.982    -2.86    5.22
 229609.076   -12.690    -1.89    5.05
 229984.686   -13.669    -2.61    5.81
 230360.272   -14.190    -1.39    7.33
 230735.832   -14.115     0.20    7.20
 231111.367   -14.562    -1.19    6.82
 231486.877   -16.413    -4.93    6.98
 231862.362   -16.961    -1.46    5.92
 232237.822   -19.833    -7.65    7.61
 232613.256   -23.169    -8.88    9.61
 232988.666   -29.445   -16.71   10.77
 233364.050   -35.541   -16.24   10.24
 233739.409   -41.250   -15.21    8.15
 234114.743   -45.277   -10.73    5.26
 234490.051   -46.190    -2.43    4.15
 234865.335   -45.752     1.17    3.99
 235240.594   -44.315     3.83    4.16
 235615.827   -43.649     1.77    3.99
 235991.036   -42.988     1.76    6.25
 236366.219   -42.243     1.98    7.25
 236741.377   -41.482     2.03    8.05
 237116.510   -40.607     2.33    8.44
 237491.618   -37.711     7.72   12.27
 237866.701   -35.668     5.44   14.09
 238241.759   -34.078     4.24   14.96
 238616.792   -35.940    -4.96   14.30
 238991.800   -41.278   -14.23   13.58
 239366.783   -46.125   -12.92    9.38
 239741.741   -48.486    -6.30    6.31
 240116.674   -47.559     2.47    5.90
 240491.581   -42.751    12.82    8.18
 240866.464   -35.277    19.93    8.93
 241241.322   -29.146    16.35    8.11
 241616.155   -23.669    14.61    7.92
 241990.963   -19.081    12.24    6.81
 242365.746   -15.886     8.52    5.77
 242740.504   -15.384     1.34    6.32
 243115.237   -14.538     2.26    5.19
 243489.944   -13.473     2.84    5.62
 243864.628   -12.323     3.07    4.65
