-153851.958   349.163     0.00   27.80
-153479.621   352.880     9.99   31.17
-153107.311   359.236    17.07   32.11
-152735.029   371.896    34.01   24.45
-152362.775   371.956     0.16   25.56
-151990.549   359.880   -32.45   31.75
-151618.350   360.264     1.03   35.68
-151246.179   353.976   -16.90   40.09
-150874.036   337.436   -44.45   42.97
-150501.921   342.036    12.36   42.64
-150129.833   358.207    43.47   50.88
-149757.773   387.519    78.80   55.86
-149385.430   421.154    90.35   25.96
-149007.786   396.676   -64.83   69.25
-148630.169   359.656   -98.05   81.43
-148252.582   324.496   -93.13   76.24
-147875.023   301.356   -61.30   64.90
-147497.493   313.468    32.09   70.39
-147119.991   332.872    51.41   75.57
-146742.517   348.067    40.26   75.44
-146365.073   347.798    -0.71   72.91
-145987.657   353.614    15.41   69.97
-145610.269   356.839     8.55   68.59
-145232.910   368.368    30.56   69.91
-144855.579   404.107    94.73   57.91
-144478.277   426.166    58.47   47.79
-144101.003   442.145    42.36   38.86
-143723.758   444.754     6.92   50.14
-143346.542   442.096    -7.05   54.68
-142969.353   446.186    10.85   32.30
-142592.194   428.558   -46.75   54.22
-142215.062   402.046   -70.31   81.19
-141837.960   378.303   -62.97   90.24
-141460.885   356.492   -57.85   94.79
-141083.839   330.676   -68.48   93.70
-140706.822   293.196   -99.43   88.50
-140329.833   258.905   -90.97   72.94
-139952.872   232.205   -70.84   53.25
-139575.940   222.893   -24.71   40.25
-139199.036   275.536   139.69   87.77
-138822.160   329.884   144.23   99.82
-138445.313   372.084   112.00   74.31
-138068.494   380.022    21.07   57.58
-137691.704   357.356   -60.16   61.73
-137314.941   332.156   -66.90   53.31
-136938.208   327.452   -12.49   44.78
-136561.502   340.136    33.68   51.15
-136184.825   364.456    64.57   51.42
-135808.176   374.936    27.83   43.18
-135431.556   367.676   -19.28   46.54
-135054.963   345.357   -59.27   54.38
-134678.399   312.264   -87.89   51.26
-134301.864   290.114   -58.84   38.81
-133925.356   281.441   -23.04   28.38
-133548.877   276.796   -12.34   21.19
-133172.426   270.533   -16.64   26.18
-132796.004   257.136   -35.60   38.09
-132419.609   234.741   -59.51   41.88
-132043.243   213.754   -55.77   41.22
-131666.905   191.072   -60.28   30.23
-131290.596   177.207   -36.85   17.16
-130914.314   169.176   -21.34    9.49
-130538.061   167.656    -4.04    7.04
-130161.835   172.256    12.23   14.02
-129785.639   182.476    27.17   24.66
-129409.470   200.196    47.11   36.38
-129033.329   220.316    53.50   35.66
-128657.217   231.754    30.42   28.77
-128281.132   251.376    52.18   25.77
-127905.076   269.426    48.00   31.26
-127529.048   280.616    29.76   27.49
-127153.048   284.720    10.91   22.30
-126777.076   278.096   -17.62   25.92
-126401.133   267.798   -27.39   24.84
-126025.217   260.916   -18.31   20.66
-125649.329   258.656    -6.01   18.62
-125273.470   248.513   -26.99   21.46
-124897.639   228.156   -54.17   30.25
-124521.835   209.589   -49.41   31.20
-124146.060   198.516   -29.47   24.35
-123770.313   190.468   -21.42   13.84
-123394.594   191.758     3.43   16.08
-123018.902   198.556    18.10   17.28
-122643.239   203.836    14.06   16.16
-122267.604   212.836    23.96   18.08
-121891.997   225.596    33.98   23.62
-121516.418   240.696    40.21   28.82
-121140.867   267.492    71.36   37.39
-120765.344   296.990    78.56   50.74
-120389.849   338.268   109.94   52.74
-120014.382   358.947    55.08   42.98
-119638.942   356.156    -7.43   47.36
-119263.531   343.046   -34.93   63.12
-118888.148   300.016  -114.64   76.07
-118512.792   252.941  -125.43   64.00
-118137.465   213.096  -106.17   47.00
-117762.165   183.076   -80.00   36.45
-117386.894   161.758   -56.81   26.09
-117011.650   148.476   -35.40   15.33
-116636.434   141.785   -17.84    8.35
-116261.246   140.396    -3.70    8.57
-115886.086   137.759    -7.03    9.72
-115510.954   133.370   -11.70   10.43
-115135.849   130.856    -6.70    8.92
-114760.773   131.956     2.93   10.90
-114385.724   134.776     7.52   15.82
-114010.703   146.076    30.14   31.34
-113635.710   156.276    27.20   40.81
-113260.745   162.196    15.79   40.33
-112885.808   156.926   -14.06   31.14
-112510.898   146.737   -27.18   21.48
-112136.017   133.759   -34.62   18.37
-111761.163   128.676   -13.56   15.89
-111386.336   130.399     4.60   20.66
-111011.538   138.911    22.71   26.48
-110636.767   147.102    21.86   27.52
-110262.024   152.578    14.62   24.18
-109887.309   156.836    11.36   18.32
-109512.622   157.776     2.51   16.02
-109137.962   162.990    13.92   22.43
-108763.330   182.038    50.85   37.73
-108388.726   192.916    29.04   35.49
-108014.149   200.133    19.27   31.55
-107639.600   190.256   -26.37   36.18
-107265.079   171.941   -48.91   24.37
-106890.586   160.476   -30.62   14.67
-106516.120   155.441   -13.45   17.34
-106141.682   155.076    -0.97   17.79
-105767.271   147.125   -21.24   21.78
-105392.889   148.836     4.57   26.75
-105018.533   152.016     8.50   26.10
-104644.206   159.207    19.21   26.42
-104269.906   163.205    10.68   23.30
-103895.634   163.145    -0.16   18.65
-103521.389   151.551   -30.98   25.67
-103147.172   136.836   -39.33   25.20
-102772.982   119.676   -45.86   21.67
-102398.821   114.519   -13.78   17.78
-102024.686   110.364   -11.11   16.64
-101650.580   109.356    -2.69   16.85
-101276.500   112.016     7.11   17.80
-100902.449   110.970    -2.80   17.39
-100528.425   112.264     3.46   18.35
-100154.428   110.591    -4.47   17.24
 -99780.459   108.096    -6.67   12.77
 -99406.518   108.937     2.25   14.47
 -99032.604   108.976     0.10   15.09
 -98658.717   105.084   -10.41   15.99
 -98284.858   104.056    -2.75   14.55
 -97911.027   100.911    -8.41   13.11
 -97537.223   102.996     5.58   15.68
 -97163.446   106.676     9.85   19.16
 -96789.697   111.916    14.02   21.90
 -96415.976   116.227    11.54   22.31
 -96042.281   114.309    -5.13   21.33
 -95668.615   109.849   -11.94   18.78
 -95294.975   103.696   -16.47   17.14
 -94921.364   102.548    -3.07   16.63
 -94547.779    98.350   -11.24   17.04
 -94174.222    92.739   -15.02   15.68
 -93800.693    84.147   -23.00   19.25
 -93427.190    77.872   -16.80   15.07
 -93053.716    79.536     4.46   15.40
 -92680.268    82.259     7.29   16.29
 -92306.848    87.516    14.08    8.18
 -91933.455    87.916     1.07    5.55
 -91560.090    88.880     2.58    5.83
 -91186.752    87.892    -2.65    6.58
 -90813.441    88.002     0.30    6.51
 -90440.158    87.056    -2.53    5.82
 -90066.902    85.197    -4.98    5.42
 -89693.673    84.813    -1.03    5.26
 -89320.472    84.476    -0.90    5.26
 -88947.298    86.076     4.29    8.18
 -88574.151    91.356    14.15   16.82
 -88201.032    97.676    16.94   25.78
 -87827.940   103.798    16.41   26.94
 -87454.875   107.615    10.23   23.37
 -87081.837   104.288    -8.92   16.22
 -86708.827   101.636    -7.11   10.94
 -86335.843    98.356    -8.79    7.21
 -85962.887    95.166    -8.55    7.00
 -85589.959    92.989    -5.84    6.94
 -85217.057    90.207    -7.46    6.40
 -84844.183    87.415    -7.49    6.91
 -84471.336    86.264    -3.09    8.74
 -84098.516    83.437    -7.58    8.96
 -83725.723    83.216    -0.59    8.48
 -83352.958    82.843    -1.00    7.24
 -82980.220    82.376    -1.25    5.81
 -82607.508    79.696    -7.19    6.23
 -82234.824    76.350    -8.98    6.26
 -81862.168    72.696    -9.80    6.20
 -81489.538    68.198   -12.07    5.68
 -81116.935    66.996    -3.23    6.33
 -80744.360    67.676     1.83    7.68
 -80371.812    71.519    10.32   11.24
 -79999.291    73.616     5.63   12.46
 -79626.796    72.256    -3.65   10.70
 -79254.329    70.116    -5.75   10.60
 -78881.890    66.390   -10.00    9.81
 -78509.477    66.256    -0.36    9.54
 -78137.091    66.868     1.64   10.02
 -77764.732    67.492     1.68    8.94
 -77392.401    67.329    -0.44    8.37
 -77020.096    68.492     3.12    8.26
 -76647.819    72.166     9.87   10.99
 -76275.568    77.229    13.60   12.75
 -75903.345    82.329    13.70   10.09
 -75531.148    87.612    14.20   13.05
 -75158.979    90.186     6.92   15.28
 -74786.837    90.480     0.79   14.90
 -74414.244    90.637     0.42   12.78
 -74036.663    90.280    -0.94    8.41
 -73659.110   100.227    26.35   19.42
 -73281.585   115.715    41.03   22.11
 -72904.087   130.816    40.01   22.70
 -72526.617   142.921    32.07   19.11
 -72149.176   149.272    16.83   17.33
 -71771.762   163.576    37.90   21.31
 -71394.375   181.756    48.18   32.35
 -71017.017   200.876    50.67   36.44
 -70639.686   228.813    74.04   37.38
 -70262.383   250.485    57.44   31.69
 -69885.108   258.956    22.46   27.63
 -69507.861   259.176     0.58   29.56
 -69130.641   243.256   -42.21   35.74
 -68753.449   226.036   -45.66   25.26
 -68376.285   216.554   -25.14   22.23
 -67999.149   215.156    -3.71   16.23
 -67622.040   210.306   -12.86   12.74
 -67244.959   198.396   -31.59   17.66
 -66867.906   183.384   -39.82   24.16
 -66490.880   166.737   -44.16   24.09
 -66113.882   152.516   -37.72   15.95
 -65736.912   153.043     1.40   17.83
 -65359.969   167.656    38.77   28.16
 -64983.054   189.156    57.05   30.60
 -64606.167   203.636    38.42   30.29
 -64229.307   217.452    36.66   27.21
 -63852.475   217.551     0.26   27.50
 -63475.671   208.207   -24.80   35.08
 -63098.894   196.134   -32.04   37.16
 -62722.145   177.774   -48.74   31.40
 -62345.423   171.421   -16.87   27.78
 -61968.729   171.921     1.33   32.23
 -61592.063   161.856   -26.72   33.72
 -61215.424   159.156    -7.17   33.68
 -60838.812   149.016   -26.93   23.39
 -60462.229   144.697   -11.47   15.06
 -60085.673   141.116    -9.51    8.83
 -59709.144   140.384    -1.94    8.23
 -59332.643   137.016    -8.95    7.38
 -58956.169   139.533     6.69   15.30
 -58579.723   148.186    22.99   28.59
 -58203.305   162.421    37.82   37.31
 -57826.914   173.241    28.75   34.80
 -57450.550   166.396   -18.19   31.07
 -57074.214   151.411   -39.82   27.59
 -56697.906   133.856   -46.65   18.84
 -56321.625   118.976   -39.55   12.90
 -55945.371   111.905   -18.79    7.35
 -55569.145   110.056    -4.92    4.00
 -55192.946   110.567     1.36    4.35
 -54816.775   111.596     2.73    5.05
 -54440.631   113.634     5.42    6.58
 -54064.515   118.370    12.59   10.48
 -53688.426   122.396    10.71   10.86
 -53312.364   123.884     3.96    9.09
 -52936.330   123.856    -0.08    6.41
 -52560.323   125.796     5.16    7.36
 -52184.344   132.329    17.38   10.81
 -51808.392   144.860    33.33   13.54
 -51432.467   156.758    31.65   18.93
 -51056.570   176.901    53.59   33.22
 -50680.700   199.176    59.27   39.80
 -50304.857   223.049    63.52   35.07
 -49929.042   241.502    49.11   21.76
 -49553.254   240.156    -3.58   21.66
 -49177.493   225.280   -39.59   27.80
 -48801.760   217.956   -19.49   27.25
 -48426.054   221.136     8.46   30.92
 -48050.376   237.145    42.62   36.09
 -47674.724   254.480    46.15   32.94
 -47299.100   266.980    33.28   20.39
 -46923.503   255.990   -29.26   25.32
 -46547.934   234.696   -56.70   33.62
 -46172.391   204.778   -79.67   38.58
 -45796.876   173.116   -84.32   35.61
 -45421.389   150.860   -59.28   28.81
 -45045.928   133.616   -45.93   12.14
 -44670.495   126.654   -18.54    5.54
 -44295.089   123.176    -9.27    4.95
 -43919.710   120.236    -7.83    5.83
 -43544.358   117.676    -6.82    5.35
 -43169.033   116.370    -3.48    5.30
 -42793.736   117.134     2.04    6.39
 -42418.466   116.872    -0.70    7.77
 -42043.223   114.741    -5.68    9.32
 -41668.007   112.876    -4.97    8.23
 -41292.819   113.293     1.11    8.33
 -40917.657   112.635    -1.75    8.78
 -40542.523   116.236     9.60   11.28
 -40167.416   120.612    11.67   14.54
 -39792.336   125.056    11.85   14.09
 -39417.283   131.176    16.32   11.76
 -39042.257   128.247    -7.81    7.07
 -38667.258   128.533     0.76    6.65
 -38292.286   128.916     1.02    6.56
 -37917.342   132.656     9.97    8.41
 -37542.424   142.051    25.06   17.58
 -37167.534   161.176    51.02   30.24
 -36792.671   181.328    53.76   32.75
 -36417.834   204.556    61.97   29.06
 -36043.025   220.426    42.34   14.51
 -35668.243   222.796     6.32    9.70
 -35293.488   220.136    -7.10   11.52
 -34918.760   212.717   -19.80   11.52
 -34544.058   205.336   -19.70    8.61
 -34169.384   199.067   -16.73    7.63
 -33794.737   193.576   -14.66    6.59
 -33420.117   189.207   -11.66    5.93
 -33045.524   186.615    -6.92    4.91
 -32670.958   185.737    -2.34    6.01
 -32296.419   186.616     2.35    8.25
 -31921.907   187.556     2.51    8.98
 -31547.421   187.872     0.84    9.59
 -31172.963   189.009     3.04   10.41
 -30798.532   186.551    -6.57   11.65
 -30424.127   182.236   -11.53   13.80
 -30049.750   179.596    -7.05   13.64
 -29675.399   177.976    -4.33   12.81
 -29301.075   181.268     8.79   14.55
 -28926.779   185.468    11.22   13.35
 -28552.509   189.676    11.24   12.45
 -28178.266   190.633     2.56   11.91
 -27804.050   185.596   -13.46   16.43
 -27429.860   176.846   -23.38   17.12
 -27055.698   173.207    -9.73   15.29
 -26681.563   171.136    -5.53   14.00
 -26307.454   168.485    -7.09   14.00
 -25933.372   171.084     6.95   14.40
 -25559.317   172.416     3.56   15.00
 -25185.289   173.492     2.88   13.96
 -24811.288   174.051     1.49   12.26
 -24437.313   171.476    -6.89    9.56
 -24063.365   168.003    -9.29   10.20
 -23689.444   162.272   -15.33   10.78
 -23315.550   157.176   -13.63    8.96
 -22941.683   152.393   -12.79    9.06
 -22567.842   144.617   -20.80   14.51
 -22194.028   132.843   -31.50   17.42
 -21820.241   123.207   -25.78   18.11
 -21446.481   116.516   -17.90   17.29
 -21072.747   111.216   -14.18   15.51
 -20699.040   111.416     0.54   15.88
 -20325.360   112.780     3.65   16.90
 -19951.707   119.309    17.47   16.97
 -19578.080   125.285    16.00   13.33
 -19204.480   127.616     6.24   13.79
 -18830.907   127.329    -0.77   13.82
 -18457.360   126.166    -3.11   13.14
 -18083.840   127.227     2.84   12.87
 -17710.347   127.778     1.48   12.06
 -17336.880   128.156     1.01    9.17
 -16963.440   130.785     7.04    7.80
 -16590.027   133.390     6.98    7.47
 -16216.640   133.072    -0.85    7.57
 -15843.280   129.716    -8.99    8.34
 -15469.947   124.576   -13.77    9.35
 -15096.640   121.996    -6.91    7.53
 -14723.360   118.329    -9.82    6.26
 -14350.107   115.968    -6.33    7.12
 -13976.880   113.323    -7.09    6.72
 -13603.679   111.372    -5.23    6.47
 -13230.505   110.616    -2.02    7.37
 -12857.358   111.591     2.61    8.71
 -12484.238   113.268     4.49    9.18
 -12111.144   116.207     7.88    9.26
 -11738.076   118.309     5.63    8.48
 -11365.035   118.411     0.27   10.54
 -10992.021   117.758    -1.75   11.71
 -10619.033   113.798   -10.61   12.46
 -10246.071   107.343   -17.31   12.22
  -9873.136   103.196   -11.12   10.70
  -9500.228    99.166   -10.81    8.75
  -9127.346   101.220     5.51    9.61
  -8754.491   106.452    14.03   14.73
  -8381.662   109.144     7.22   18.57
  -8008.859   110.264     3.00   21.37
  -7636.083   115.959    15.28   18.87
  -7263.334   116.441     1.29   16.73
  -6890.611   120.884    11.92   14.00
  -6517.914   124.676    10.17   13.20
  -6145.244   126.114     3.86   12.83
  -5772.600   124.016    -5.63   11.92
  -5399.983   116.737   -19.53   14.06
  -5027.392   107.301   -25.33   14.67
  -4654.828    99.322   -21.42   13.80
  -4282.290    91.241   -21.69   13.89
  -3909.778    85.452   -15.54   15.94
  -3537.293    82.819    -7.07   15.28
  -3164.834    84.166     3.62   14.52
  -2792.401    86.635     6.63   13.45
  -2419.995    87.574     2.52   11.57
  -2047.615    81.176   -17.18   12.74
  -1675.262    71.038   -27.23   15.70
  -1302.934    52.737   -49.15   25.03
   -930.634    33.502   -51.67   27.46
   -558.359    16.096   -46.76   22.84
   -186.111     4.839   -30.24   12.61
    186.111     8.492     9.81   22.52
    558.979    25.574    45.81   34.45
    936.499    45.405    52.53   35.41
   1313.992    66.696    56.40   23.62
   1691.458    74.046    19.47   11.21
   2068.897    72.336    -4.53   13.04
   2446.309    67.634   -12.46   12.62
   2823.694    63.536   -10.86   11.92
   3201.052    59.635   -10.34   11.20
   3578.383    53.218   -17.01   15.13
   3955.686    46.982   -16.53   17.49
   4332.963    42.384   -12.19   15.45
   4710.213    43.798     3.75   15.39
   5087.435    49.554    15.26   16.64
   5464.631    57.612    21.36   12.45
   5841.799    65.516    20.96   11.28
   6218.941    71.812    16.69   10.38
   6596.055    76.009    11.13   10.82
   6973.143    81.133    13.59   11.11
   7350.204    85.492    11.56   11.04
   7727.237    91.947    17.12   11.61
   8104.244    97.889    15.76   12.30
   8481.223   106.614    23.14   10.90
   8858.176   112.236    14.92    5.96
   9235.102   112.759     1.39    5.42
   9612.001   111.043    -4.55    5.45
   9988.873   109.959    -2.88    4.08
  10365.718   109.554    -1.07    2.98
  10742.536   109.854     0.80    3.39
  11119.327   111.637     4.73    4.57
  11496.091   113.591     5.19    5.26
  11872.829   112.166    -3.78    6.82
  12249.539   108.801    -8.93    9.15
  12626.223   101.982   -18.10   12.35
  13002.880    92.186   -26.01   14.66
  13379.510    85.548   -17.62   13.30
  13756.113    84.509    -2.76    9.81
  14132.689    85.921     3.75    9.08
  14509.238    88.982     8.13    9.28
  14885.761    88.676    -0.81   10.41
  15262.257    85.905    -7.36   10.35
  15638.726    80.436   -14.53   12.85
  16015.168    75.372   -13.45   16.27
  16391.583    68.956   -17.04   18.57
  16767.972    63.926   -13.36   19.36
  17144.334    55.411   -22.62   20.55
  17520.669    48.941   -17.19   20.93
  17896.977    40.717   -21.86   19.61
  18273.258    34.166   -17.41   18.15
  18649.513    30.111   -10.78   18.56
  19025.741    24.016   -16.20   18.02
  19401.942    18.616   -14.35   15.71
  19778.117    13.329   -14.05   10.45
  20154.265     7.596   -15.24    6.16
  20530.386     4.059    -9.40    5.66
  20906.480     1.051    -8.00    6.03
  21282.548    -1.664    -7.22    5.98
  21658.589    -4.664    -7.98    5.42
  22034.603    -7.161    -6.64    3.77
  22410.591    -7.464    -0.81    5.03
  22786.552    -8.484    -2.71    4.89
  23162.486    -8.303     0.48    5.51
  23538.394    -8.618    -0.84    5.52
  23914.275    -8.877    -0.69    5.22
  24290.129    -9.487    -1.62    4.29
  24665.957    -8.324     3.10    5.31
  25041.758    -8.024     0.80    5.83
  25417.533    -8.365    -0.91    5.40
  25793.281    -9.407    -2.77    4.32
  26169.002   -10.059    -1.73    3.95
  26544.697    -9.803     0.68    4.21
  26920.365    -9.202     1.60    4.81
  27296.006    -8.793     1.09    5.24
  27671.621    -9.537    -1.98    4.77
  28047.210    -9.528     0.02    5.02
  28422.772   -10.368    -2.24    4.50
  28798.307   -10.344     0.07    4.68
  29173.816   -11.476    -3.02    3.62
  29549.298   -12.242    -2.04    0.28
  29924.754   -12.069     0.46    0.92
  30300.183   -11.855     0.57    1.34
  30675.586   -11.281     1.53    2.45
  31050.962   -11.032     0.66    2.70
  31426.312   -11.345    -0.83    2.52
  31801.635   -11.175     0.45    2.57
  32176.932   -11.720    -1.45    1.61
  32552.202   -11.773    -0.14    1.63
  32927.446   -12.020    -0.66    1.44
  33302.663   -11.834     0.49    1.71
  33677.854   -11.506     0.88    2.13
  34053.019    -9.755     4.67    4.46
  34428.157    -8.520     3.29    5.04
  34803.269    -5.957     6.83    6.19
  35178.354    -4.074     5.02    6.40
  35553.413    -4.712    -1.70    6.29
  35928.445    -6.508    -4.79    5.62
  36303.451    -8.824    -6.18    3.95
  36678.431   -10.222    -3.73    1.45
  37053.384    -9.845     1.01    2.76
  37428.311    -9.630     0.57    2.83
  37803.211    -8.875     2.01    4.11
  38178.086    -8.579     0.79    4.69
  38552.933    -8.895    -0.84    3.51
  38927.755    -8.707     0.50    4.28
  39302.550    -8.559     0.39    4.10
  39677.319    -7.601     2.56    4.96
  40052.061    -7.283     0.85    5.20
  40426.777    -6.886     1.06    4.89
  40801.467    -8.263    -3.67    4.31
  41176.131    -9.712    -3.87    3.60
  41550.768   -11.386    -4.47    1.62
  41925.379   -12.111    -1.93    0.83
  42299.964   -12.324    -0.57    0.00
  42674.522   -12.324     0.00    0.00
  43049.055   -12.324     0.00    0.00
  43423.560   -12.324     0.00    0.00
  43798.040   -12.324     0.00    0.00
  44172.494   -12.324     0.00    0.00
  44546.921   -12.324     0.00    0.00
  44921.322   -12.324     0.00    0.00
  45295.697   -12.324     0.00    0.00
  45670.045   -12.324     0.00    0.00
  46044.368   -12.324     0.00    0.00
  46418.664   -12.324     0.00    0.00
  46792.934   -12.324     0.00    0.00
  47167.178   -12.324     0.00    0.00
  47541.395   -12.324     0.00    0.00
  47915.587   -12.324     0.00    0.00
  48289.752   -12.324     0.00    0.00
  48663.891   -12.324     0.00    0.00
  49038.004   -12.324     0.00    0.00
  49412.091   -12.324     0.00    0.00
  49786.152   -12.324     0.00    0.00
  50160.186   -12.324     0.00    0.00
  50534.195   -12.324     0.00    0.00
  50908.177   -12.324     0.00    0.00
  51282.134   -12.324     0.00    0.00
  51656.064   -12.324     0.00    0.00
  52029.968   -12.324     0.00    0.00
  52403.846   -12.324     0.00    0.00
  52777.698   -12.324     0.00    0.00
  53151.524   -12.324     0.00    0.00
  53525.324   -12.324     0.00    0.00
  53899.098   -12.324     0.00    0.00
  54272.846   -12.324     0.00    0.00
  54646.567   -12.324     0.00    0.00
  55020.263   -12.324     0.00    0.00
  55393.933   -12.324     0.00    0.00
  55767.577   -12.324     0.00    0.00
  56141.194   -12.324     0.00    0.00
  56514.786   -12.324     0.00    0.00
  56888.352   -12.324     0.00    0.00
  57261.892   -12.324     0.00    0.00
  57635.405   -12.324     0.00    0.00
  58008.893   -12.324     0.00    0.00
  58382.355   -12.324     0.00    0.00
  58755.791   -12.324     0.00    0.00
  59129.201   -12.324     0.00    0.00
  59502.585   -12.324     0.00    0.00
  59875.943   -12.324     0.00    0.00
  60249.275   -12.324     0.00    0.00
  60622.581   -12.324     0.00    0.00
  60995.862   -12.324     0.00    0.00
  61369.116   -12.324     0.00    0.00
  61742.345   -12.324     0.00    0.00
  62115.547   -12.324     0.00    0.00
  62488.724   -12.324     0.00    0.00
  62861.875   -12.324     0.00    0.00
  63235.000   -12.324     0.00    0.00
  63608.099   -12.324     0.00    0.00
  63981.173   -12.324     0.00    0.00
  64354.220   -12.324     0.00    0.00
  64727.242   -12.324     0.00    0.00
  65100.238   -12.324     0.00    0.00
  65473.208   -12.324     0.00    0.00
  65846.152   -12.324     0.00    0.00
  66219.070   -12.324     0.00    0.00
  66591.963   -12.324     0.00    0.00
  66964.830   -12.324     0.00    0.00
  67337.671   -12.324     0.00    0.00
  67710.486   -12.324     0.00    0.00
  68083.276   -12.324     0.00    0.00
  68456.039   -12.324     0.00    0.00
  68828.777   -12.324     0.00    0.00
  69201.490   -12.324     0.00    0.00
  69574.176   -12.324     0.00    0.00
  69946.837   -12.324     0.00    0.00
  70319.472   -12.324     0.00    0.00
  70692.081   -12.324     0.00    0.00
  71064.665   -12.324     0.00    0.00
  71437.223   -12.324     0.00    0.00
  71809.755   -12.324     0.00    0.00
  72182.261   -12.324     0.00    0.00
  72554.742   -12.324     0.00    0.00
  72927.197   -12.324     0.00    0.00
  73299.627   -12.324     0.00    0.00
  73672.030   -12.324     0.00    0.00
  74044.409   -12.324     0.00    0.00
  74416.761   -12.324     0.00    0.00
  74789.088   -12.324     0.00    0.00
  75161.389   -12.324     0.00    0.00
  75534.562   -12.324     0.00    0.00
  75912.023   -12.324     0.00    0.00
  76289.458   -12.324     0.00    0.00
  76666.866   -12.324     0.00    0.00
  77044.247   -12.324     0.00    0.00
  77421.602   -12.324     0.00    0.00
  77798.931   -12.324     0.00    0.00
  78176.234   -12.324     0.00    0.00
  78553.510   -12.324     0.00    0.00
  78930.760   -12.324     0.00    0.00
  79307.983   -12.324     0.00    0.00
  79685.181   -12.324     0.00    0.00
  80062.352   -12.324     0.00    0.00
  80439.496   -12.324     0.00    0.00
  80816.615   -12.324     0.00    0.00
  81193.707   -12.324     0.00    0.00
  81570.772   -12.324     0.00    0.00
  81947.812   -12.324     0.00    0.00
  82324.825   -12.324     0.00    0.00
  82701.812   -12.324     0.00    0.00
  83078.773   -12.324     0.00    0.00
  83455.707   -12.324     0.00    0.00
  83832.615   -12.324     0.00    0.00
  84209.497   -12.324     0.00    0.00
  84586.353   -12.324     0.00    0.00
  84963.183   -12.324     0.00    0.00
  85339.986   -12.324     0.00    0.00
  85716.763   -12.324     0.00    0.00
  86093.514   -12.324     0.00    0.00
  86470.239   -12.324     0.00    0.00
  86846.938   -12.324     0.00    0.00
  87223.610   -12.324     0.00    0.00
  87600.256   -12.324     0.00    0.00
  87976.877   -12.324     0.00    0.00
  88353.471   -12.324     0.00    0.00
  88730.038   -12.324     0.00    0.00
  89106.580   -12.324     0.00    0.00
  89483.096   -12.324     0.00    0.00
  89859.585   -12.324     0.00    0.00
  90236.048   -12.324     0.00    0.00
  90612.486   -12.324     0.00    0.00
  90988.897   -12.324     0.00    0.00
  91365.282   -12.324     0.00    0.00
  91741.641   -12.324     0.00    0.00
  92117.974   -12.324     0.00    0.00
  92494.281   -12.324     0.00    0.00
  92870.562   -12.324     0.00    0.00
  93246.816   -12.324     0.00    0.00
  93623.045   -12.324     0.00    0.00
  93999.248   -12.324     0.00    0.00
  94375.424   -12.324     0.00    0.00
  94751.575   -12.324     0.00    0.00
  95127.699   -12.324     0.00    0.00
  95503.798   -12.324     0.00    0.00
  95879.871   -12.324     0.00    0.00
  96255.917   -12.324     0.00    0.00
  96631.938   -12.324     0.00    0.00
  97007.933   -12.324     0.00    0.00
  97383.901   -12.324     0.00    0.00
  97759.844   -12.324     0.00    0.00
  98135.761   -12.324     0.00    0.00
  98511.651   -12.324     0.00    0.00
  98887.516   -12.324     0.00    0.00
  99263.355   -12.324     0.00    0.00
  99639.168   -12.324     0.00    0.00
 100014.955   -12.324     0.00    0.00
 100390.716   -12.324     0.00    0.00
 100766.452   -12.324     0.00    0.00
 101142.161   -12.324     0.00    0.00
 101517.845   -12.324     0.00    0.00
 101893.502   -12.324     0.00    0.00
 102269.134   -12.324     0.00    0.00
 102644.740   -12.324     0.00    0.00
 103020.320   -12.324     0.00    0.00
 103395.874   -12.324     0.00    0.00
 103771.402   -12.324     0.00    0.00
 104146.905   -12.324     0.00    0.00
 104522.381   -12.324     0.00    0.00
 104897.832   -12.324     0.00    0.00
 105273.257   -12.324     0.00    0.00
 105648.656   -12.324     0.00    0.00
 106024.029   -12.324     0.00    0.00
 106399.377   -12.324     0.00    0.00
 106774.699   -12.324     0.00    0.00
 107149.995   -12.324     0.00    0.00
 107525.265   -12.324     0.00    0.00
 107900.509   -12.324     0.00    0.00
 108275.728   -12.324     0.00    0.00
 108650.921   -12.324     0.00    0.00
 109026.088   -12.324     0.00    0.00
 109401.230   -12.324     0.00    0.00
 109776.345   -12.324     0.00    0.00
 110151.435   -12.324     0.00    0.00
 110526.500   -12.324     0.00    0.00
 110901.538   -12.324     0.00    0.00
 111276.551   -12.324     0.00    0.00
 111651.538   -12.324     0.00    0.00
 112026.500   -12.324     0.00    0.00
 112401.436   -12.324     0.00    0.00
 112776.346   -12.324     0.00    0.00
 113151.230   -12.324     0.00    0.00
 113526.089   -12.324     0.00    0.00
 113900.922   -12.324     0.00    0.00
 114275.730   -12.324     0.00    0.00
 114650.512   -12.324     0.00    0.00
 115025.268   -12.324     0.00    0.00
 115399.998   -12.324     0.00    0.00
 115774.703   -12.324     0.00    0.00
 116149.383   -12.324     0.00    0.00
 116524.037   -12.324     0.00    0.00
 116898.665   -12.324     0.00    0.00
 117273.267   -12.324     0.00    0.00
 117647.845   -12.324     0.00    0.00
 118022.396   -12.324     0.00    0.00
 118396.922   -12.324     0.00    0.00
 118771.422   -12.283     0.11    0.29
 119145.897   -12.175     0.29    0.59
 119520.346   -11.845     0.88    1.34
 119894.770   -11.367     1.27    1.91
 120269.168   -11.261     0.28    2.46
 120643.541   -10.409     2.28    4.96
 121017.888    -8.616     4.79    7.31
 121392.210    -6.467     5.74    9.95
 121766.506    -5.498     2.59    9.73
 122140.776    -4.504     2.66   10.17
 122515.021    -3.892     1.63   10.67
 122889.241    -2.246     4.40   11.86
 123263.435    -0.824     3.80   12.50
 123637.604     0.717     4.12   12.83
 124011.747     0.676    -0.11   11.38
 124385.865     0.982     0.82   10.39
 124759.958     1.676     1.85    9.47
 125134.024     4.447     7.41   10.64
 125508.066     6.655     5.90   10.96
 125882.082    11.343    12.53   12.15
 126256.073    14.447     8.30   11.06
 126630.038    17.431     7.98   10.22
 127003.978    19.806     6.35    9.73
 127377.892    19.288    -1.39   11.82
 127751.781    18.198    -2.92   11.38
 128125.645    11.853   -16.97   15.36
 128499.483     7.699   -11.11   14.82
 128873.296     6.696    -2.68   13.51
 129247.084    10.393     9.89   15.53
 129620.846    18.594    21.94   12.49
 129994.583    24.551    15.94   10.98
 130368.295    29.822    14.10    7.92
 130741.981    32.782     7.92    4.87
 131115.642    32.782     0.00    4.45
 131489.277    32.843     0.16    4.64
 131862.888    33.399     1.49    4.67
 132236.473    34.009     1.63    4.26
 132610.032    34.758     2.00    3.59
 132983.567    33.589    -3.13    4.41
 133357.076    32.962    -1.68    4.83
 133730.560    32.767    -0.52    5.54
 134104.018    33.147     1.02    5.09
 134477.451    34.393     3.34    3.71
 134850.859    35.023     1.69    3.01
 135224.242    35.111     0.24    2.92
 135597.600    35.329     0.58    3.08
 135970.932    35.655     0.87    3.18
 136344.239    35.846     0.51    3.29
 136717.521    34.614    -3.30    4.59
 137090.778    32.698    -5.13    6.46
 137464.009    28.759   -10.55    7.68
 137837.216    23.125   -15.10    6.01
 138210.397    21.968    -3.10    5.65
 138583.553    21.554    -1.11    5.97
 138956.683    21.480    -0.20    5.95
 139329.789    21.452    -0.08    5.34
 139702.869    21.017    -1.16    4.83
 140075.924    16.970   -10.85    8.41
 140448.954    10.046   -18.56   10.92
 140821.959     3.166   -18.44   10.15
 141194.939    -2.346   -14.77    7.39
 141567.894    -7.059   -12.64    3.59
 141940.823    -9.494    -6.53    3.25
 142313.728   -11.194    -4.56    2.46
 142686.607   -12.324    -3.03    0.00
 143059.461   -12.324     0.00    0.00
 143432.290   -12.324     0.00    0.00
 143805.095   -12.324     0.00    0.00
 144177.874   -11.407     2.46    2.48
 144550.627    -8.589     7.56    5.25
 144923.356    -2.237    17.04   10.17
 145296.060     4.125    17.07   10.40
 145668.739     9.403    14.16    9.03
 146041.392    13.715    11.57    7.86
 146414.021    15.987     6.10    8.60
 146786.625    19.533     9.52    8.65
 147159.203    23.133     9.66    7.71
 147531.757    25.176     5.48    6.62
 147904.285    27.839     7.15    5.52
 148276.789    29.357     4.07    5.19
 148649.267    31.780     6.50    4.87
 149021.721    33.676     5.09    4.48
 149394.150    33.038    -1.71    5.29
 149766.553    30.614    -6.51    6.97
 150138.932    27.880    -7.34    7.37
 150512.430    25.468    -6.46    6.66
 150889.829    23.570    -5.03    6.07
 151267.203    20.756    -7.45    5.74
 151644.551    19.959    -2.11    6.28
 152021.873    19.556    -1.07    6.18
 152399.170    20.548     2.63    6.33
 152776.441    23.697     8.34    6.11
 153153.686    27.384     9.77    4.23
 153530.906    29.533     5.70    4.79
 153908.100    29.357    -0.47    5.08
 154285.269    28.154    -3.19    5.33
 154662.412    26.114    -5.41    5.47
 155039.529    23.676    -6.46    4.08
 155416.621    22.176    -3.98    4.21
 155793.687    20.860    -3.49    4.43
 156170.727    20.314    -1.45    4.92
 156547.742    18.259    -5.45    6.35
 156924.731    16.134    -5.64    7.93
 157301.695    15.780    -0.94   10.16
 157678.633    17.492     4.54   10.19
 158055.546    22.322    12.81    7.29
 158432.433    24.176     4.92    4.45
 158809.295    23.611    -1.50    5.95
 159186.131    22.489    -2.98    6.51
 159562.941    17.280   -13.82    9.94
 159939.726    12.370   -13.03   11.37
 160316.486     9.737    -6.99   10.23
 160693.220    11.593     4.92   10.28
 161069.929    14.251     7.05    8.66
 161446.612    13.676    -1.52    8.81
 161823.269     9.947    -9.90    8.93
 162199.901     4.513   -14.43    7.12
 162576.508     0.697   -10.13    6.16
 162953.089    -1.528    -5.91    5.50
 163329.645    -3.563    -5.40    4.86
 163706.175    -5.424    -4.94    4.81
 164082.680    -7.386    -5.21    4.18
 164459.159    -9.282    -5.03    3.11
 164835.613   -11.261    -5.26    1.88
 165212.042   -12.074    -2.16    0.91
 165588.445   -12.324    -0.66    0.00
 165964.823   -12.324     0.00    0.00
 166341.175   -12.324     0.00    0.00
 166717.502   -12.324     0.00    0.00
 167093.803   -12.324     0.00    0.00
 167470.080   -12.324     0.00    0.00
 167846.331   -12.324     0.00    0.00
 168222.556   -12.324     0.00    0.00
 168598.756   -12.324     0.00    0.00
 168974.931   -12.324     0.00    0.00
 169351.080   -12.324     0.00    0.00
 169727.204   -12.324     0.00    0.00
 170103.303   -12.324     0.00    0.00
 170479.377   -12.324     0.00    0.00
 170855.425   -12.324     0.00    0.00
 171231.448   -12.324     0.00    0.00
 171607.445   -12.324     0.00    0.00
 171983.418   -12.324     0.00    0.00
 172359.365   -12.107     0.58    0.99
 172735.286   -12.038     0.18    1.04
 173111.183   -12.051    -0.03    0.97
 173487.054   -11.697     0.94    1.83
 173862.900   -10.498     3.19    3.41
 174238.721    -8.385     5.62    4.89
 174614.516    -6.694     4.50    4.69
 174990.286    -5.630     2.83    4.32
 175366.031    -5.454     0.47    4.15
 175741.751    -5.369     0.23    4.72
 176117.446    -3.741     4.33    5.56
 176493.115    -3.454     0.76    5.28
 176868.759    -3.761    -0.82    5.11
 177244.378    -3.650     0.30    4.74
 177619.972    -4.954    -3.47    3.53
 177995.541    -4.704     0.67    3.88
 178371.084    -4.756    -0.14    4.32
 178746.602    -4.124     1.68    5.81
 179122.095    -2.607     4.04    7.08
 179497.563    -1.181     3.80    6.40
 179873.006    -0.026     3.08    5.50
 180248.424     1.038     2.83    4.58
 180623.817     7.676    17.68    9.18
 180999.184    14.350    17.78   10.87
 181374.526    20.280    15.80    8.71
 181749.844    23.272     7.97    5.74
 182125.136    21.947    -3.53    6.94
 182500.403    20.697    -3.33    8.54
 182875.645    19.165    -4.08    9.28
 183250.862    14.936   -11.27   11.96
 183626.053    11.567    -8.98   11.71
 184001.220    13.758     5.84   11.44
 184376.362    15.868     5.62   11.77
 184751.478    20.822    13.21    9.56
 185126.570    25.884    13.49    5.68
 185501.637    27.176     3.44    4.90
 185876.678    26.843    -0.89    4.29
 186251.695    26.980     0.37    3.24
 186626.686    26.239    -1.98    2.95
 187001.653    25.093    -3.06    3.25
 187376.594    25.635     1.45    3.82
 187751.510    27.051     3.78    4.09
 188126.402    25.739    -3.50    6.33
 188501.268    24.239    -4.00    8.38
 188876.110    21.980    -6.02    8.71
 189250.927    21.239    -1.98    7.25
 189625.718    23.030     4.78    6.93
 190000.485    24.864     4.89    5.84
 190375.226    25.947     2.89    4.92
 190749.943    26.804     2.29    3.34
 191124.635    27.227     1.13    2.91
 191499.302    27.111    -0.31    3.71
 191873.944    26.276    -2.23    5.26
 192248.561    24.399    -5.01    6.72
 192623.153    23.718    -1.82    6.44
 192997.720    22.633    -2.89    6.52
 193372.263    21.655    -2.61    7.21
 193746.780    20.072    -4.23    7.92
 194121.273    15.654   -11.79   10.22
 194495.741    13.804    -4.94   10.31
 194870.183    11.611    -5.86   10.69
 195244.601    12.485     2.33   10.31
 195618.995    13.615     3.02   10.66
 195993.363    16.220     6.96    9.89
 196367.706    15.901    -0.85   10.77
 196742.025    15.040    -2.30   11.42
 197116.319    14.460    -1.55   11.40
 197490.588    11.263    -8.54   12.24
 197864.832     7.166   -10.95   11.44
 198239.051     2.176   -13.33   11.18
 198613.246     0.860    -3.52   11.18
 198987.416     0.111    -2.00   11.81
 199361.561     0.809     1.87   12.88
 199735.681     2.655     4.93   13.17
 200109.777     4.828     5.81   14.53
 200483.847     9.176    11.62   14.73
 200857.893    13.166    10.66   13.33
 201231.915    17.306    11.07   11.11
 201605.911    16.064    -3.32    9.88
 201979.883    11.111   -13.24   11.90
 202353.830     4.656   -17.26   14.19
 202727.752    -3.006   -20.49   10.68
 203101.650    -7.426   -11.82    4.72
 203475.523    -8.563    -3.04    2.88
 203849.371    -8.678    -0.31    2.14
 204223.194    -8.699    -0.06    1.96
 204596.993    -9.345    -1.73    1.47
 204970.767    -9.984    -1.71    1.55
 205344.516   -10.237    -0.68    1.92
 205718.241   -10.090     0.39    2.97
 206091.941    -9.761     0.88    3.43
 206465.617    -9.970    -0.56    3.64
 206839.268   -10.761    -2.12    3.11
 207212.894   -11.664    -2.42    2.14
 207586.495   -12.324    -1.77    0.00
 207960.072   -12.324     0.00    0.00
 208333.624   -12.324     0.00    0.00
 208707.152   -12.324     0.00    0.00
 209080.655   -11.707     1.65    1.75
 209454.134   -10.548     3.10    2.50
 209827.588    -9.178     3.67    3.92
 210201.017    -7.120     5.51    4.58
 210574.422    -5.005     5.66    4.35
 210947.802    -1.090    10.48    7.81
 211321.157     5.328    17.19   11.15
 211694.488    11.513    16.56   11.60
 212067.795    17.485    15.99   11.02
 212441.077    22.301    12.90    8.81
 212814.334    25.003     7.24    6.77
 213187.567    26.251     3.34    5.40
 213560.775    27.442     3.19    3.44
 213933.959    27.611     0.45    3.23
 214307.118    28.123     1.37    3.17
 214680.253    26.293    -4.90    4.30
 215053.363    24.910    -3.71    3.93
 215426.449    23.676    -3.31    3.96
 215799.511    23.720     0.12    3.53
 216172.547    22.635    -2.91    5.03
 216545.560    19.676    -7.93    7.07
 216918.548    15.754   -10.51    7.30
 217291.511    13.876    -5.04    7.12
 217664.450    15.431     4.17    8.12
 218037.365    18.850     9.17    9.06
 218410.255    23.554    12.61    8.39
 218783.120    27.718    11.17    5.54
 219155.962    29.046     3.56    4.02
 219528.779    26.485    -6.87    6.88
 219901.571    22.858    -9.73    8.86
 220274.339    21.336    -4.08    8.45
 220647.083    20.393    -2.53    8.41
 221019.802    21.187     2.13    7.39
 221392.497    23.114     5.17    5.81
 221765.167    23.067    -0.12    5.41
 222137.813    24.003     2.51    5.07
 222510.435    26.432     6.52    4.12
 222883.032    28.578     5.76    4.36
 223255.606    30.403     4.90    2.82
 223628.154    30.390    -0.03    2.84
 224000.679    29.740    -1.75    3.37
 224373.179    26.655    -8.28    6.21
 224745.654    24.697    -5.26    6.09
 225118.106    25.780     2.91    7.15
 225491.944    27.197     3.79    7.26
 225869.288    30.176     7.89    4.26
 226246.607    30.739     1.49    3.74
 226623.901    29.931    -2.14    3.81
 227001.170    28.594    -3.54    5.24
 227378.414    27.322    -3.37    6.02
 227755.633    26.931    -1.04    6.06
 228132.827    25.357    -4.17    6.14
 228509.996    23.782    -4.17    6.60
 228887.140    21.676    -5.58    7.71
 229264.259    20.322    -3.59    7.27
 229641.353    20.655     0.88    8.27
 230018.423    21.431     2.06    8.21
 230395.467    23.358     5.11    7.27
 230772.487    23.876     1.37    6.87
 231149.481    22.937    -2.49    6.72
 231526.451    20.509    -6.44    7.63
 231903.396    19.123    -3.68    6.60
 232280.316    17.133    -5.28    6.62
 232657.211    14.187    -7.81    7.54
 233034.081     9.782   -11.68    7.09
 233410.927     5.763   -10.66    8.21
 233787.747     0.615   -13.66    7.52
 234164.543    -3.498   -10.91    5.46
 234541.314    -6.365    -7.61    3.98
 234918.060    -7.824    -3.87    3.99
 235294.781    -9.246    -3.77    3.02
 235671.477    -9.954    -1.88    2.05
 236048.149    -9.855     0.26    2.00
 236424.795    -8.813     2.76    2.73
 236801.417    -6.970     4.89    4.28
 237178.014    -4.622     6.23    4.47
 237554.587    -2.215     6.39    4.62
 237931.134    -0.196     5.36    4.43
 238307.657    -0.199    -0.01    3.86
 238684.155    -0.196     0.01    3.76
 239060.628    -1.178    -2.61    3.63
 239437.077    -2.128    -2.52    4.00
 239813.501    -3.084    -2.54    4.16
 240189.900    -4.324    -3.29    3.94
 240566.274    -5.385    -2.82    4.15
 240942.624    -5.386    -0.00    4.07
 241318.949    -5.553    -0.44    3.54
 241695.249    -6.699    -3.04    4.05
 242071.524    -7.771    -2.85    4.27
 242447.775    -9.473    -4.52    3.58
 242824.001   -10.749    -3.39    1.60
 243200.202   -10.494     0.68    1.69
 243576.379    -9.345     3.05    2.99
 243952.531    -7.907     3.82    3.96
 244328.658    -5.845     5.48    4.66
 244704.761    -4.107     4.62    4.61
 245080.839    -3.771     0.89    4.16
 245456.893    -3.430     0.91    3.56
 245832.921    -3.476    -0.12    2.87
 246208.926    -2.220     3.34    3.69
 246584.905     3.589    15.45    9.93
 246960.860    12.916    24.80   13.92
 247336.790    20.085    19.07   11.16
 247712.696    23.756     9.76    7.45
 248088.577    23.633    -0.33    6.56
 248464.434    22.064    -4.17    5.62
 248840.266    20.144    -5.11    6.29
 249216.073    18.220    -5.12    6.54
 249591.856    17.655    -1.50    7.13
 249967.614    18.143     1.30    7.94
 250343.348    18.480     0.90    8.62
 250719.057    19.247     2.04    7.63
 251094.742    16.676    -6.84    8.53
 251470.402    15.554    -2.99    8.55
 251846.037    15.054    -1.33    8.03
 252221.648    14.872    -0.48    7.26
 252597.235    15.054     0.48    8.05
 252972.797    14.947    -0.28    8.15
 253348.334    13.133    -4.83    8.41
 253723.847    11.759    -3.66    9.08
 254099.336    12.572     2.16    8.09
 254474.800    12.442    -0.35    8.19
 254850.239    14.676     5.95    7.33
 255225.655    16.463     4.76    5.39
 255601.045    16.197    -0.71    5.17
 255976.411    12.551    -9.71    7.73
 256351.753     9.251    -8.79    8.07
 256727.070     7.364    -5.03    8.25
 257102.363     5.872    -3.97    8.59
 257477.632     3.336    -6.76    9.03
 257852.876     0.676    -7.09    8.67
 258228.095    -1.771    -6.52    6.74
 258603.291    -3.324    -4.14    4.88
 258978.461    -3.954    -1.68    4.25
 259353.608    -5.202    -3.32    3.98
 259728.730    -6.438    -3.29    3.66
 260103.827    -6.504    -0.18    3.88
 260478.901    -5.998     1.35    5.03
 260853.950    -4.282     4.57    5.63
 261228.974    -3.303     2.61    5.92
 261603.974    -3.407    -0.28    6.01
 261978.950    -5.920    -6.70    5.51
 262353.902    -8.029    -5.62    4.14
 262728.829    -9.601    -4.19    2.66
 263103.732    -9.168     1.15    3.23
 263478.610    -8.366     2.14    5.18
 263853.464    -7.691     1.80    6.27
 264228.294    -5.346     6.26    6.87
 264603.100    -3.446     5.07    7.02
 264977.881    -0.551     7.72    5.85
 265352.638     2.876     9.14    4.84
 265727.371     4.067     3.18    5.21
 266102.080     5.780     4.57    4.36
 266476.764     6.263     1.29    3.80
 266851.424     6.114    -0.40    3.28
 267226.059     5.502    -1.63    2.55
 267600.671     4.980    -1.39    2.40
 267975.258     4.038    -2.52    3.33
 268349.821     2.968    -2.86    4.30
 268724.360     2.080    -2.37    4.97
 269098.874    -1.532    -9.64    6.98
 269473.365    -3.324    -4.78    6.53
 269847.831    -3.324     0.00    6.46
 270222.273    -1.998     3.54    5.27
 270596.690    -0.984     2.71    4.99
 270971.084     0.144     3.01    3.90
 271345.453     1.259     2.98    4.28
 271719.798     2.259     2.67    4.21
 272094.119     1.980    -0.75    3.83
 272468.416     0.798    -3.16    4.19
 272842.689     0.744    -0.14    4.89
 273216.937    -0.004    -2.00    5.27
 273591.162    -0.824    -2.19    5.64
 273965.362    -0.855    -0.08    5.53
 274339.538    -2.041    -3.17    4.65
 274713.690    -2.574    -1.42    4.54
 275087.818    -3.780    -3.22    4.81
 275461.922    -5.902    -5.67    3.86
 275836.001    -7.428    -4.08    1.88
 276210.057    -7.235     0.52    1.86
 276584.089    -7.433    -0.53    1.78
 276958.096    -7.699    -0.71    2.43
 277332.079    -8.780    -2.89    3.22
 277706.039   -10.385    -4.29    3.05
 278079.974    -9.846     1.44    4.99
 278453.885    -6.584     8.72    9.53
 278827.772    -0.574    16.07   12.13
 279201.635     2.390     7.93   11.34
 279575.474     6.154    10.07   10.18
 279949.289     7.405     3.35   10.46
 280323.080     6.864    -1.45   11.04
 280696.847     8.072     3.23   10.54
 281070.590     7.782    -0.77    9.87
 281444.309     7.611    -0.46    9.54
 281818.004     9.676     5.52    9.33
 282191.675    13.421    10.02    7.78
 282565.322    15.804     6.38    7.02
 282938.945    19.343     9.47    5.93
 283312.544    22.133     7.47    3.80
 283686.119    23.905     4.74    2.89
 284059.670    24.589     1.83    2.51
 284433.197    23.828    -2.04    2.87
 284806.700    22.565    -3.38    2.93
 285180.180    21.102    -3.92    3.30
 285553.635    19.864    -3.31    3.46
 285927.066    19.480    -1.03    3.80
 286300.474    20.390     2.44    4.67
 286673.858    20.209    -0.48    5.05
 287047.217    20.343     0.36    4.97
 287420.553    19.858    -1.30    4.43
 287793.865    20.227     0.99    4.28
 288167.153    20.567     0.91    3.97
 288540.417    22.051     3.97    3.56
 288913.657    23.293     3.33    2.88
 289286.874    24.328     2.77    2.61
 289660.066    25.524     3.20    2.92
 290033.235    25.980     1.22    2.94
 290406.380    26.198     0.58    2.62
 290779.501    26.144    -0.14    3.39
 291152.598    25.415    -1.95    3.41
 291525.671    24.259    -3.10    3.25
 291898.720    22.974    -3.44    3.94
 292271.746    21.822    -3.09    4.15
 292644.748    21.176    -1.73    4.09
 293017.726    20.995    -0.48    3.36
 293390.680    22.038     2.79    3.61
 293763.611    23.655     4.34    3.59
 294136.518    24.280     1.68    3.44
 294509.400    24.570     0.78    3.23
 294882.260    25.697     3.02    3.18
 295255.095    25.763     0.18    3.25
 295627.907    25.003    -2.04    3.54
 296000.694    23.926    -2.89    3.01
 296373.459    21.896    -5.44    3.23
 296746.199    20.980    -2.46    3.66
 297118.916    20.051    -2.49    4.08
 297491.609    18.782    -3.40    4.28
 297864.278    17.822    -2.58    4.69
 298236.923    14.546    -8.79    4.73
 298609.545    14.335    -0.56    5.40
 298982.143    16.697     6.34    6.20
 299354.718    20.254     9.54    6.67
 299727.268    22.220     5.27    5.00
 300099.795    21.405    -2.19    4.83
 300473.996    19.806    -4.27    4.80
 300851.281    17.134    -7.08    3.67
 301228.542    14.881    -5.97    4.10
 301605.778    14.574    -0.81    4.42
 301982.990    14.567    -0.02    4.68
 302360.178    14.968     1.06    4.74
 302737.342    15.485     1.37    4.20
 303114.481    14.931    -1.47    4.34
 303491.596    15.968     2.75    4.41
 303868.687    16.476     1.35    4.36
