#   83.076  -2.780  17.095 ;Mean Elev.(m), Avg Gradient(m/km), RMS Gradient(m/km) - SRTM1     
#   75.640  -2.758  17.175 ;Mean Elev.(m), Avg Gradient(m/km), RMS Gradient(m/km) - ASTER GDEM
#   83.690  -2.056  16.934 ;Mean Elev.(m), Avg Gradient(m/km), RMS Gradient(m/km) - GMTED2010 
  8 283.265234  40.125330   156.722   156.722  2 52484.64998790  3.731
 10 283.267302  40.128816    84.745    84.820  3 52554.65000089 21.147
 12 283.269767  40.129851    85.991    86.089  3 52624.64992485 19.447
 15 283.273727  40.128363    93.663    93.864  3 52729.64996790 15.598
 21 283.264286  40.130818    84.966    84.966  2 52939.65001381 27.195
 22 283.271246  40.130152    86.094    86.178  3 52974.65005592 18.724
 23 283.264939  40.130182    89.561    89.561  2 53009.65006176 39.019
 26 283.267367  40.125116    85.489    85.489  2 53114.65002730 48.494
 27 283.267593  40.133392    85.531    85.531  2 53149.65007184 20.001
 31 283.268066  40.130629    86.379    86.239  3 53289.65007507 17.801
 41 283.269618  40.124288   150.354   150.354  2 53639.65005784  4.412
 46 283.266137  40.129455    86.036    85.911  3 53814.64991899 15.732
 52 283.274539  40.127917    86.867    87.097  3 54024.65004344 40.838
 55 283.276216  40.127684    88.611    87.808  3 54129.64995564 27.347
 57 283.273019  40.127488   155.571   157.946  3 54199.64995868  1.458
 59 283.270872  40.129554    86.066    86.025  4 54269.65001778 30.676
 60 283.271450  40.129460    84.754    85.156  3 54304.65002111 42.418
 63 283.268813  40.128833    88.066    88.387  4 54409.64995111 36.237
 70 283.268384  40.128446   156.364   156.804  4 54654.64995878  2.961
 76 283.274286  40.127171   154.893   157.593  3 54864.64989640  2.695
 77 283.266841  40.129796    88.314    87.845  3 54899.64992099 12.374
 79 283.271141  40.128778    85.134    85.240  4 54969.64992199 17.532
 80 283.267693  40.129310    87.227    87.505  4 55004.64994200 14.983
 82 283.267719  40.129714    85.892    85.310  4 55074.64991251 20.801
 86 283.268709  40.128156    87.968    87.951  4 55214.64986017 33.071
 88 283.266347  40.128123   170.855   172.023  3 55284.64985373  4.453
 89 283.268104  40.128246   156.809   157.650  4 55319.64982543  3.785
 93 283.268275  40.129445    83.676    84.146  3 55459.64981396 21.296
