-251105.521   -86.775     0.00    0.00
-250731.954   -86.775     0.00    0.00
-250358.362   -86.775     0.00    0.00
-249984.745   -86.775     0.00    0.00
-249611.104   -86.775     0.00    0.00
-249237.438   -86.775     0.00    0.00
-248863.747   -86.775     0.00    0.00
-248490.031   -86.775     0.00    0.00
-248116.290   -86.775     0.00    0.00
-247742.525   -86.775     0.00    0.00
-247368.735   -86.775     0.00    0.00
-246994.919   -86.775     0.00    0.00
-246621.079   -86.775     0.00    0.00
-246247.215   -86.775     0.00    0.00
-245873.325   -86.775     0.00    0.00
-245499.410   -86.775     0.00    0.00
-245125.471   -86.775     0.00    0.00
-244751.506   -86.775     0.00    0.00
-244377.517   -86.775     0.00    0.00
-244003.503   -86.775     0.00    0.00
-243629.464   -86.775     0.00    0.00
-243255.400   -86.775     0.00    0.00
-242881.311   -86.775     0.00    0.00
-242507.197   -86.775     0.00    0.00
-242133.058   -86.775     0.00    0.00
-241758.895   -86.775     0.00    0.00
-241384.706   -86.775     0.00    0.00
-241010.492   -86.775     0.00    0.00
-240636.254   -86.775     0.00    0.00
-240261.990   -86.775     0.00    0.00
-239887.702   -86.775     0.00    0.00
-239513.388   -86.775     0.00    0.00
-239139.050   -86.775     0.00    0.00
-238764.686   -86.775     0.00    0.00
-238390.298   -86.775     0.00    0.00
-238015.884   -86.775     0.00    0.00
-237641.446   -86.775     0.00    0.00
-237266.982   -86.775     0.00    0.00
-236892.494   -86.775     0.00    0.00
-236517.980   -86.775     0.00    0.00
-236143.442   -86.775     0.00    0.00
-235768.878   -86.775     0.00    0.00
-235394.289   -86.775     0.00    0.00
-235019.675   -86.775     0.00    0.00
-234645.036   -86.775     0.00    0.00
-234270.373   -86.775     0.00    0.00
-233895.683   -86.775     0.00    0.00
-233520.969   -86.775     0.00    0.00
-233146.230   -86.775     0.00    0.00
-232771.466   -86.775     0.00    0.00
-232396.676   -86.775     0.00    0.00
-232021.862   -86.775     0.00    0.00
-231647.022   -86.775     0.00    0.00
-231272.157   -86.775     0.00    0.00
-230897.267   -86.775     0.00    0.00
-230522.352   -86.775     0.00    0.00
-230147.412   -86.775     0.00    0.00
-229772.446   -86.775     0.00    0.00
-229397.456   -86.775     0.00    0.00
-229022.440   -86.775     0.00    0.00
-228647.399   -86.775     0.00    0.00
-228272.333   -86.775     0.00    0.00
-227897.241   -86.775     0.00    0.00
-227522.125   -86.775     0.00    0.00
-227146.983   -86.775     0.00    0.00
-226771.816   -86.775     0.00    0.00
-226396.624   -86.775     0.00    0.00
-226021.406   -86.775     0.00    0.00
-225646.164   -86.567     0.56    0.54
-225270.896   -86.405     0.43    0.68
-224895.603   -86.108     0.79    0.97
-224520.284   -85.930     0.47    1.00
-224144.940   -85.816     0.31    1.14
-223769.571   -85.754     0.17    1.09
-223394.177   -85.775    -0.06    0.68
-223018.757   -86.142    -0.98    0.64
-222643.313   -86.358    -0.58    0.58
-222267.842   -86.601    -0.65    0.44
-221892.347   -86.775    -0.46    0.00
-221516.826   -86.775     0.00    0.00
-221141.280   -86.775     0.00    0.00
-220765.709   -86.710     0.17    0.25
-220390.112   -86.673     0.10    0.31
-220014.490   -86.707    -0.09    0.25
-219638.842   -86.736    -0.08    0.20
-219263.169   -86.775    -0.10    0.00
-218887.471   -86.734     0.11    0.20
-218511.748   -86.583     0.40    0.40
-218135.999   -86.530     0.14    0.43
-217760.224   -86.520     0.03    0.44
-217384.424   -86.601    -0.22    0.38
-217008.599   -86.692    -0.24    0.28
-216632.749   -86.775    -0.22    0.00
-216256.873   -86.587     0.50    0.91
-215880.971   -85.775     2.16    2.47
-215505.045   -84.884     2.37    3.43
-215129.092   -84.795     0.23    3.31
-214753.115   -84.798    -0.01    3.05
-214377.111   -84.049     1.99    3.35
-214001.083   -83.231     2.17    3.88
-213625.029   -83.305    -0.20    3.81
-213248.949   -83.650    -0.92    3.68
-212872.844   -85.328    -4.46    2.14
-212496.714   -86.317    -2.63    0.80
-212120.558   -86.536    -0.58    0.57
-211744.376   -86.690    -0.41    0.28
-211368.169   -86.693    -0.01    0.28
-210991.936   -86.583     0.29    0.50
-210615.678   -86.061     1.39    1.80
-210239.395   -85.514     1.45    1.97
-209863.086   -84.775     1.96    2.29
-209486.751   -84.411     0.97    2.32
-209110.391   -84.550    -0.37    2.31
-208734.005   -83.775     2.06    3.31
-208357.594   -84.020    -0.65    3.13
-207981.157   -82.525     3.97    3.78
-207604.694   -81.179     3.57    3.75
-207228.206   -81.605    -1.13    3.63
-206851.692   -82.471    -2.30    3.78
-206475.153   -83.525    -2.80    3.03
-206098.588   -83.877    -0.93    2.30
-205721.998   -82.644     3.27    3.13
-205345.382   -81.515     3.00    3.74
-204968.740   -80.434     2.87    4.33
-204592.073   -80.475    -0.11    4.52
-204215.379   -81.094    -1.64    4.46
-203838.661   -81.879    -2.08    3.67
-203461.916   -81.408     1.25    3.41
-203085.146   -82.275    -2.30    3.27
-202708.351   -83.626    -3.58    2.88
-202331.529   -84.158    -1.41    2.96
-201954.682   -84.652    -1.31    2.32
-201577.810   -85.254    -1.60    1.64
-201200.911   -85.073     0.48    1.89
-200823.987   -85.215    -0.38    2.15
-200447.037   -85.775    -1.49    2.14
-200070.061   -85.655     0.32    2.11
-199693.060   -85.413     0.64    2.28
-199316.033   -85.233     0.48    2.39
-198938.980   -84.421     2.15    2.57
-198561.902   -83.462     2.54    2.73
-198184.797   -82.004     3.87    3.08
-197807.667   -81.036     2.57    2.59
-197430.511   -81.254    -0.58    3.02
-197053.330   -81.983    -1.93    3.35
-196676.122   -82.317    -0.88    3.61
-196298.889   -83.317    -2.65    3.45
-195921.630   -82.307     2.68    3.59
-195544.345   -82.836    -1.40    3.71
-195167.035   -83.264    -1.13    3.46
-194789.698   -82.442     2.18    3.65
-194412.336   -82.591    -0.40    3.72
-194035.509   -82.489     0.27    3.34
-193663.202   -82.962    -1.27    3.15
-193290.869   -83.690    -1.95    2.57
-192918.511   -83.371     0.86    2.70
-192546.128   -83.520    -0.40    2.66
-192173.720   -84.004    -1.30    2.43
-191801.287   -84.571    -1.52    2.52
-191428.828   -85.469    -2.41    2.01
-191056.345   -86.379    -2.44    1.03
-190683.836   -86.650    -0.73    0.64
-190311.302   -86.285     0.98    1.24
-189938.743   -85.688     1.60    1.70
-189566.159   -85.183     1.35    1.68
-189193.550   -84.966     0.58    1.39
-188820.915   -84.612     0.95    1.65
-188448.255   -83.795     2.19    2.13
-188075.570   -82.673     3.01    2.81
-187702.860   -81.897     2.08    3.12
-187330.124   -81.733     0.44    3.23
-186957.364   -82.233    -1.34    3.75
-186584.578   -82.471    -0.64    3.75
-186211.767   -83.224    -2.02    3.71
-185838.930   -83.275    -0.14    3.79
-185466.068   -83.040     0.63    3.80
-185093.182   -83.244    -0.55    3.47
-184720.269   -82.612     1.70    3.68
-184347.332   -82.571     0.11    3.18
-183974.369   -83.166    -1.60    2.62
-183601.381   -83.434    -0.72    2.77
-183228.368   -83.817    -1.03    2.60
-182855.329   -83.979    -0.43    2.46
-182482.265   -84.142    -0.44    2.32
-182109.176   -83.938     0.55    2.40
-181736.061   -83.629     0.83    2.43
-181362.921   -83.712    -0.22    2.50
-180989.756   -84.224    -1.37    2.53
-180616.565   -85.253    -2.76    2.16
-180243.349   -85.999    -2.00    1.50
-179870.107   -86.504    -1.35    0.71
-179496.841   -86.692    -0.50    0.45
-179123.549   -86.775    -0.22    0.00
-178750.231   -86.775     0.00    0.00
-178376.888   -86.775     0.00    0.00
-178003.520   -86.775     0.00    0.00
-177630.126   -86.775     0.00    0.00
-177256.707   -86.775     0.00    0.00
-176883.262   -86.775     0.00    0.00
-176509.792   -86.775     0.00    0.00
-176136.297   -86.775     0.00    0.00
-175762.776   -86.775     0.00    0.00
-175389.230   -86.775     0.00    0.00
-175015.658   -86.775     0.00    0.00
-174642.061   -86.775     0.00    0.00
-174268.438   -86.775     0.00    0.00
-173894.790   -86.775     0.00    0.00
-173521.116   -86.775     0.00    0.00
-173147.417   -86.775     0.00    0.00
-172773.692   -86.775     0.00    0.00
-172399.942   -86.775     0.00    0.00
-172026.167   -86.775     0.00    0.00
-171652.365   -86.775     0.00    0.00
-171278.539   -86.775     0.00    0.00
-170904.686   -86.775     0.00    0.00
-170530.809   -86.775     0.00    0.00
-170156.905   -86.775     0.00    0.00
-169782.976   -86.510     0.71    0.67
-169409.022   -86.297     0.57    0.81
-169035.042   -86.035     0.70    0.92
-168661.036   -85.817     0.58    1.02
-168287.005   -85.942    -0.33    1.02
-167912.948   -85.995    -0.14    1.27
-167538.866   -85.693     0.81    1.90
-167164.758   -86.061    -0.98    1.66
-166790.624   -86.009     0.14    1.68
-166416.465   -86.137    -0.34    1.36
-166042.280   -85.775     0.97    1.32
-165668.070   -85.550     0.60    1.33
-165293.834   -85.591    -0.11    1.27
-164919.572   -85.346     0.65    1.79
-164545.284   -85.233     0.30    2.00
-164170.971   -85.108     0.33    1.72
-163796.633   -84.755     0.94    2.32
-163422.268   -83.753     2.68    3.56
-163047.878   -83.255     1.33    4.19
-162673.462   -82.400     2.28    4.08
-162299.021   -81.837     1.50    3.92
-161924.554   -82.921    -2.89    3.56
-161550.061   -83.612    -1.84    3.33
-161175.542   -85.025    -3.77    2.26
-160800.998   -86.057    -2.76    1.22
-160426.427   -86.483    -1.14    0.82
-160051.832   -86.775    -0.78    0.00
-159677.210   -86.775     0.00    0.00
-159302.563   -86.775     0.00    0.00
-158927.890   -86.775     0.00    0.00
-158553.191   -86.775     0.00    0.00
-158178.466   -86.775     0.00    0.00
-157803.716   -86.775     0.00    0.00
-157428.939   -86.775     0.00    0.00
-157054.137   -86.775     0.00    0.00
-156679.309   -86.775     0.00    0.00
-156304.456   -86.775     0.00    0.00
-155929.576   -86.775     0.00    0.00
-155554.671   -86.775     0.00    0.00
-155179.740   -86.775     0.00    0.00
-154804.783   -86.775     0.00    0.00
-154429.800   -86.775     0.00    0.00
-154054.791   -86.224     1.47    1.40
-153679.757   -85.629     1.59    1.56
-153304.696   -85.115     1.37    1.55
-152929.610   -84.601     1.37    1.42
-152554.498   -83.655     2.52    3.09
-152179.360   -82.483     3.12    3.78
-151804.196   -80.858     4.33    4.40
-151429.006   -80.285     1.53    4.11
-151053.790   -80.734    -1.20    4.19
-150678.548   -80.942    -0.55    4.46
-150303.280   -81.579    -1.70    4.66
-149927.987   -81.264     0.84    4.50
-149552.667   -80.483     2.08    3.99
-149177.322   -81.020    -1.43    3.48
-148801.950   -81.530    -1.36    3.32
-148426.553   -82.483    -2.54    2.86
-148051.129   -82.999    -1.37    2.06
-147675.680   -83.253    -0.68    1.56
-147300.205   -83.035     0.58    1.82
-146924.703   -82.962     0.19    1.99
-146549.176   -83.305    -0.91    2.21
-146173.622   -83.775    -1.25    2.72
-145798.043   -84.142    -0.98    3.26
-145422.437   -85.244    -2.93    2.25
-145046.806   -85.688    -1.18    1.67
-144671.148   -85.999    -0.83    1.52
-144295.465   -85.856     0.38    2.32
-143919.755   -86.122    -0.71    2.12
-143544.020   -86.469    -0.92    1.53
-143168.258   -86.775    -0.81    0.00
-142792.470   -86.775     0.00    0.00
-142416.656   -86.775     0.00    0.00
-142040.816   -86.775     0.00    0.00
-141664.950   -86.775     0.00    0.00
-141289.058   -86.775     0.00    0.00
-140913.139   -86.775     0.00    0.00
-140537.195   -86.775     0.00    0.00
-140161.224   -86.775     0.00    0.00
-139785.228   -86.775     0.00    0.00
-139409.205   -86.775     0.00    0.00
-139033.156   -86.775     0.00    0.00
-138657.081   -86.775     0.00    0.00
-138280.979   -86.775     0.00    0.00
-137904.852   -86.775     0.00    0.00
-137528.698   -86.775     0.00    0.00
-137152.518   -86.775     0.00    0.00
-136776.312   -86.775     0.00    0.00
-136400.080   -86.652     0.33    0.44
-136023.821   -86.355     0.79    0.88
-135647.537   -85.979     1.00    1.19
-135271.226   -85.477     1.33    1.59
-134894.889   -85.015     1.23    2.23
-134518.525   -84.434     1.54    3.04
-134142.136   -84.254     0.48    3.22
-133765.720   -84.428    -0.46    3.50
-133389.278   -84.061     0.98    4.33
-133012.809   -84.918    -2.28    3.84
-132636.314   -85.884    -2.57    1.99
-132259.793   -86.264    -1.01    1.47
-131883.246   -86.734    -1.25    0.29
-131506.673   -86.775    -0.11    0.00
-131130.073   -86.775     0.00    0.00
-130753.446   -86.775     0.00    0.00
-130376.794   -86.775     0.00    0.00
-130000.115   -86.775     0.00    0.00
-129623.410   -86.775     0.00    0.00
-129246.678   -86.775     0.00    0.00
-128869.920   -86.775     0.00    0.00
-128493.136   -86.673     0.27    0.71
-128116.326   -86.150     1.39    1.96
-127739.489   -86.009     0.37    1.86
-127362.625   -85.712     0.79    2.17
-126985.735   -85.754    -0.11    2.05
-126608.819   -85.608     0.39    2.47
-126231.877   -85.371     0.63    2.97
-125854.908   -85.095     0.73    3.30
-125477.912   -85.384    -0.77    3.08
-125100.891   -85.515    -0.35    2.97
-124723.842   -85.668    -0.41    2.75
-124346.768   -85.856    -0.50    2.36
-123969.667   -85.856     0.00    2.37
-123592.539   -85.192     1.76    3.25
-123215.385   -84.525     1.77    4.18
-122838.204   -83.601     2.45    4.93
-122460.997   -83.061     1.43    5.14
-122083.764   -83.632    -1.51    4.81
-121706.504   -84.733    -2.92    3.65
-121329.217   -85.612    -2.33    2.12
-120951.904   -86.101    -1.30    1.73
-120574.565   -86.383    -0.75    1.34
-120197.199   -86.623    -0.64    1.03
-119819.806   -86.775    -0.40    0.00
-119442.387   -86.775     0.00    0.00
-119065.567   -86.775     0.00    0.00
-118693.340   -86.775     0.00    0.00
-118321.088   -86.775     0.00    0.00
-117948.809   -86.775     0.00    0.00
-117576.505   -86.775     0.00    0.00
-117204.175   -86.775     0.00    0.00
-116831.819   -86.775     0.00    0.00
-116459.437   -86.775     0.00    0.00
-116087.030   -86.775     0.00    0.00
-115714.596   -86.775     0.00    0.00
-115342.137   -86.652     0.33    0.86
-114969.652   -85.866     2.11    2.36
-114597.141   -85.226     1.72    2.89
-114224.604   -85.014     0.57    2.81
-113852.042   -85.142    -0.34    2.53
-113479.453   -85.471    -0.88    1.96
-113106.839   -85.489    -0.05    1.86
-112734.199   -85.337     0.41    2.05
-112361.533   -84.285     2.82    3.22
-111988.841   -83.421     2.32    2.76
-111616.123   -82.671     2.01    2.16
-111243.379   -82.129     1.45    2.06
-110870.609   -81.200     2.49    2.72
-110497.813   -80.673     1.42    2.82
-110124.992   -80.877    -0.55    2.69
-109752.144   -81.210    -0.89    2.37
-109379.270   -80.795     1.11    2.25
-109006.371   -79.819     2.62    2.93
-108633.445   -79.187     1.70    2.97
-108260.494   -78.320     2.32    2.97
-107887.517   -78.815    -1.33    3.23
-107514.513   -80.839    -5.43    3.19
-107141.484   -81.550    -1.91    3.11
-106768.428   -82.035    -1.30    2.71
-106395.347   -82.108    -0.20    2.43
-106022.239   -82.108     0.00    2.53
-105649.106   -81.731     1.01    2.62
-105275.946   -80.546     3.18    3.48
-104902.761   -79.692     2.29    3.57
-104529.549   -77.428     6.06    5.88
-104156.312   -77.495    -0.18    6.02
-103783.048   -78.448    -2.55    6.56
-103409.758   -79.877    -3.83    6.94
-103036.442   -81.921    -5.47    3.84
-102663.100   -82.475    -1.48    2.90
-102289.732   -82.057     1.12    2.88
-101916.338   -81.215     2.26    3.38
-101542.918   -80.733     1.29    3.85
-101169.472   -79.285     3.88    4.48
-100795.999   -77.836     3.88    5.12
-100422.500   -75.999     4.92    5.77
-100048.976   -73.595     6.44    5.56
 -99675.425   -68.362    14.01    7.02
 -99301.848   -62.326    16.16    9.80
 -98928.245   -58.379    10.56    9.92
 -98554.615   -55.155     8.63    9.84
 -98180.960   -51.163    10.68   10.34
 -97807.278   -48.455     7.25   11.33
 -97433.570   -49.535    -2.89   11.11
 -97059.836   -50.945    -3.77   11.08
 -96686.076   -52.367    -3.80    9.49
 -96312.289   -50.456     5.11    9.87
 -95938.476   -45.515    13.22   11.34
 -95564.637   -38.095    19.85   10.90
 -95190.772   -32.673    14.50   11.05
 -94816.881   -29.275     9.09   10.29
 -94442.963   -21.942    19.61   12.14
 -94069.019   -16.355    14.94   11.99
 -93695.049   -13.362     8.00   10.96
 -93321.053   -10.595     7.40    9.78
 -92947.030    -7.400     8.54   11.98
 -92572.981     0.307    20.60   15.00
 -92198.905    10.939    28.42   14.84
 -91824.804    18.613    20.51    9.85
 -91450.676    22.654    10.80    7.62
 -91076.522    24.529     5.01   10.30
 -90702.341    28.558    10.77   14.17
 -90328.134    35.142    17.59   16.29
 -89953.901    41.001    15.65   12.81
 -89579.642    41.654     1.74   11.81
 -89205.356    38.246    -9.10   13.26
 -88831.043    29.225   -24.10   17.59
 -88456.705    15.025   -37.93   24.81
 -88082.340    -0.089   -40.37   24.65
 -87707.948    -7.477   -19.73   20.26
 -87333.531    -2.979    12.01   23.13
 -86959.086     7.438    27.82   26.83
 -86584.616    21.960    38.78   26.70
 -86210.119    37.368    41.14   21.44
 -85835.595    44.531    19.12   14.56
 -85461.046    52.329    20.82   11.63
 -85086.469    54.001     4.46    9.72
 -84711.867    51.913    -5.57   11.24
 -84337.237    46.082   -15.56   16.87
 -83962.582    40.486   -14.94   21.61
 -83587.900    28.388   -32.28   26.44
 -83213.191    17.986   -27.76   22.54
 -82838.456    11.323   -17.78   15.11
 -82463.695    12.589     3.38   14.23
 -82088.907    29.525    45.19   24.00
 -81714.092    47.778    48.70   25.14
 -81339.251    61.756    37.29   18.66
 -80964.384    72.485    28.62   11.20
 -80589.489    77.475    13.31   10.09
 -80214.569    83.184    15.23    8.90
 -79839.622    88.480    14.12    8.81
 -79464.648    91.001     6.72    8.91
 -79089.648    89.845    -3.08    9.99
 -78714.621    89.980     0.36    9.60
 -78339.568    90.980     2.67    8.80
 -77964.488    91.767     2.10    7.31
 -77589.381    92.965     3.19    7.09
 -77214.248    93.247     0.75    7.74
 -76839.088    92.745    -1.34    8.51
 -76463.902    93.683     2.50    9.59
 -76088.689    89.625   -10.82   12.12
 -75713.450    83.756   -15.64   11.39
 -75338.183    82.429    -3.53   11.27
 -74962.891    83.805     3.67   10.38
 -74587.571    87.225     9.11    8.24
 -74212.225    87.785     1.49    7.57
 -73836.852    87.164    -1.65    8.46
 -73461.453    85.246    -5.11    9.33
 -73086.027    85.062    -0.49    9.60
 -72710.574    86.184     2.99    9.01
 -72335.094    87.021     2.23    9.18
 -71959.588    87.464     1.18    9.16
 -71584.055    87.805     0.91    6.32
 -71208.496    85.429    -6.33    6.69
 -70832.909    79.123   -16.79   11.88
 -70457.296    71.025   -21.56   14.43
 -70081.656    67.558    -9.23   13.94
 -69705.990    68.825     3.37   16.40
 -69330.297    77.203    22.30   18.60
 -68954.577    90.345    34.98   21.74
 -68578.830   105.413    40.10   20.82
 -68203.056   115.858    27.79   16.44
 -67827.256   120.266    11.73   11.52
 -67451.429   118.878    -3.69   11.78
 -67075.575   111.767   -18.92   12.88
 -66699.694   105.161   -17.57   11.90
 -66323.786    98.919   -16.60   13.86
 -65947.852    90.756   -21.71   13.73
 -65571.891    83.433   -19.47   16.81
 -65195.903    75.919   -19.98   16.75
 -64819.888    75.587    -0.88   15.74
 -64443.846    81.402    15.46   17.25
 -64067.777    86.998    14.88   14.20
 -63691.682    85.144    -4.93   15.13
 -63315.559    79.356   -15.39   15.14
 -62939.410    78.429    -2.46   15.44
 -62563.234    87.465    24.02   20.18
 -62187.031   101.100    36.24   18.74
 -61810.801   108.327    19.21   15.24
 -61434.544   109.082     2.01   14.10
 -61058.260   105.674    -9.06   12.20
 -60681.950   107.184     4.01   12.79
 -60305.612   114.502    19.44   15.47
 -59929.248   122.184    20.41   14.67
 -59552.856   127.964    15.36    9.18
 -59176.438   125.853    -5.61   10.70
 -58799.992   123.579    -6.04   10.09
 -58423.520   124.899     3.50   11.48
 -58047.020   128.725    10.16   12.40
 -57670.494   132.665    10.46   10.19
 -57293.941   137.144    11.89    9.77
 -56917.360   138.290     3.05   11.23
 -56540.753   139.837     4.11   11.29
 -56164.118   142.572     7.26   11.81
 -55787.457   142.858     0.76   13.77
 -55410.768   135.405   -19.78   19.52
 -55034.053   132.392    -8.00   18.51
 -54657.310   133.485     2.90   18.01
 -54280.541   138.247    12.64   21.21
 -53903.744   145.865    20.22   19.06
 -53526.920   153.307    19.75   16.64
 -53150.069   155.490     5.79   15.83
 -52773.191   151.125   -11.58   17.55
 -52396.286   150.119    -2.67   17.09
 -52019.354   149.323    -2.11   15.51
 -51642.395   150.757     3.80   14.66
 -51265.408   159.045    21.98   14.34
 -50888.395   165.345    16.71   13.26
 -50511.354   168.858     9.32   12.97
 -50134.286   176.531    20.35   12.77
 -49757.191   182.183    14.99   12.47
 -49380.069   190.017    20.77   12.65
 -49002.920   198.985    23.78   12.12
 -48625.743   202.225     8.59   11.70
 -48248.540   203.980     4.65   13.19
 -47871.309   205.034     2.79   14.34
 -47494.051   204.735    -0.79   13.70
 -47116.766   207.529     7.41   11.17
 -46739.453   208.965     3.80    8.50
 -46362.113   209.629     1.76    7.99
 -45984.746   204.552   -13.46   12.21
 -45607.352   198.705   -15.49   15.41
 -45229.931   192.076   -17.56   17.09
 -44852.482   189.388    -7.12   19.24
 -44475.006   183.100   -16.66   20.91
 -44098.154   173.885   -24.45   22.70
 -43726.006   164.654   -24.80   23.13
 -43353.832   157.672   -18.76   19.03
 -42981.631   156.123    -4.16   18.58
 -42609.404   153.704    -6.50   19.07
 -42237.150   149.304   -11.82   20.97
 -41864.870   145.769    -9.50   17.14
 -41492.563   140.505   -14.14   13.45
 -41120.230   136.204   -11.55   14.08
 -40747.870   130.960   -14.08   16.00
 -40375.484   133.105     5.76   16.67
 -40003.071   130.505    -6.98   17.27
 -39630.632   130.885     1.02   17.04
 -39258.166   132.496     4.32   21.00
 -38885.674   127.808   -12.58   23.16
 -38513.155   126.725    -2.91   22.66
 -38140.609   120.445   -16.86   23.93
 -37768.037   107.164   -35.65   26.13
 -37395.438    97.531   -25.85   27.01
 -37022.813    94.735    -7.50   23.45
 -36650.161   101.735    18.78   25.55
 -36277.483   108.545    18.27   22.40
 -35904.778   113.459    13.18   19.59
 -35532.046   114.289     2.23   18.06
 -35159.288   112.225    -5.54   17.32
 -34786.503   120.085    21.08   16.33
 -34413.691   129.445    25.11   15.86
 -34040.853   137.345    21.19   14.69
 -33667.988   144.123    18.18   13.16
 -33295.097   142.933    -3.19   14.25
 -32922.178   141.565    -3.67   14.11
 -32549.234   137.943    -9.71   13.80
 -32176.262   131.402   -17.54   13.88
 -31803.264   126.289   -13.71   15.68
 -31430.239   116.511   -26.21   12.10
 -31057.187   110.608   -15.82    9.39
 -30684.109   105.490   -13.72    8.42
 -30311.003   102.480    -8.07    6.85
 -29937.872   102.183    -0.80    7.81
 -29564.713   106.470    11.49   10.54
 -29191.528   109.545     8.24   11.20
 -28818.315   111.797     6.03   10.27
 -28445.077   107.905   -10.43   11.27
 -28071.811   100.085   -20.95   16.66
 -27698.519    85.715   -38.49   22.78
 -27325.199    70.621   -40.43   22.49
 -26951.853    56.545   -37.70   13.18
 -26578.481    48.008   -22.86    5.92
 -26205.081    45.480    -6.77    5.02
 -25831.654    43.097    -6.38    4.24
 -25458.201    39.765    -8.92    5.36
 -25084.721    36.425    -8.94    6.66
 -24711.214    34.674    -4.69    8.19
 -24337.680    39.745    13.58   16.12
 -23964.120    46.041    16.85   19.01
 -23590.532    55.065    24.15   22.72
 -23216.918    69.660    39.06   25.24
 -22843.277    71.425     4.72   28.13
 -22469.609    70.572    -2.28   29.27
 -22095.914    60.805   -26.14   29.20
 -21722.192    43.756   -45.62   24.56
 -21348.443    32.327   -30.58   14.12
 -20974.667    27.445   -13.06    8.66
 -20600.864    25.986    -3.90    8.51
 -20227.035    28.413     6.49   11.95
 -19853.178    38.996    28.31   26.59
 -19479.295    52.246    35.44   31.33
 -19105.384    62.705    27.97   26.17
 -18731.447    68.055    14.31   22.34
 -18357.483    61.103   -18.59   15.42
 -17983.491    58.850    -6.02    7.25
 -17609.473    61.264     6.45    6.43
 -17235.428    63.702     6.52    6.32
 -16861.355    64.960     3.36    5.66
 -16487.256    64.312    -1.73    6.07
 -16113.130    61.429    -7.71    6.61
 -15738.976    57.205   -11.29    6.70
 -15364.796    52.725   -11.97    7.46
 -14990.588    47.960   -12.73    9.29
 -14616.354    41.288   -17.83   14.20
 -14242.092    34.919   -17.02   15.60
 -13867.804    25.825   -24.30   13.20
 -13493.488    20.500   -14.23   10.32
 -13119.145    20.385    -0.31    8.70
 -12744.775    21.829     3.86    8.33
 -12370.378    24.585     7.36    8.43
 -11995.954    28.660    10.88    6.73
 -11621.503    28.685     0.07    6.96
 -11247.025    25.621    -8.18   10.46
 -10872.520    18.885   -17.99   12.53
 -10497.987    14.645   -11.32   10.34
 -10123.427    16.025     3.68    9.57
  -9748.840    25.362    24.93   16.54
  -9374.227    37.927    33.54   17.55
  -8999.585    46.794    23.67   13.84
  -8624.917    55.480    23.18   10.12
  -8250.222    62.145    17.79   11.70
  -7875.499    59.865    -6.08   13.28
  -7500.749    55.125   -12.65   16.46
  -7125.972    49.745   -14.36   18.51
  -6751.168    47.246    -6.67   19.97
  -6376.336    49.899     7.08   18.94
  -6001.477    53.225     8.87   16.58
  -5626.591    56.919     9.85   13.92
  -5251.678    52.225   -12.52   17.99
  -4876.738    42.746   -25.28   20.22
  -4501.770    36.286   -17.23   16.57
  -4126.775    32.769    -9.38   11.00
  -3751.753    36.323     9.48   10.19
  -3376.703    42.536    16.57   10.09
  -3001.626    49.625    18.90   11.32
  -2626.522    58.395    23.38   13.79
  -2251.391    63.103    12.55   18.20
  -1876.232    58.985   -10.98   34.24
  -1501.046    51.715   -19.38   44.35
  -1125.832    35.144   -44.17   47.46
   -750.592    17.332   -47.47   38.61
   -375.324     3.465   -36.95   14.38
     -0.028     1.065    -6.39    3.30
    375.295     2.605     4.10    4.24
    750.645     4.785     5.81    4.73
   1126.022     7.996     8.55    6.20
   1501.427    14.245    16.65   10.16
   1876.860    19.551    14.13   10.15
   2252.319    25.657    16.26    9.23
   2627.807    31.307    15.05    6.28
   3003.321    33.665     6.28    5.32
   3378.863    38.805    13.69   10.23
   3754.432    46.371    20.15   14.56
   4130.029    54.825    22.51   15.56
   4505.654    63.443    22.94   11.19
   4881.305    66.905     9.22    9.34
   5256.985    69.204     6.12    9.44
   5632.691    73.409    11.19   10.47
   6008.425    80.965    20.11   13.15
   6384.187    80.767    -0.53   16.10
   6759.976    71.164   -25.55   22.89
   7135.793    59.445   -31.18   23.90
   7511.637    53.085   -16.92   17.87
   7887.509    54.674     4.23   13.79
   8263.408    60.121    14.49   12.24
   8639.335    62.633     6.68    8.39
   9015.289    61.829    -2.14    7.24
   9391.271    61.068    -2.02    6.38
   9767.280    61.769     1.86    6.01
  10143.317    64.225     6.53    4.84
  10519.382    66.674     6.51    4.57
  10895.474    68.945     6.04    5.70
  11271.594    71.385     6.49    5.08
  11647.741    71.621     0.63    5.11
  12023.916    70.368    -3.33    5.54
  12400.118    67.672    -7.17    5.08
  12776.348    66.029    -4.37    4.77
  13152.606    64.765    -3.36    5.39
  13528.892    62.085    -7.12    6.58
  13905.205    60.405    -4.46    6.76
  14281.545    58.079    -6.18    8.19
  14657.914    55.205    -7.64    7.74
  15034.310    56.058     2.27    7.77
  15410.734    57.185     2.99    8.21
  15787.185    57.465     0.74    8.02
  16163.664    57.038    -1.14    8.77
  16540.171    54.825    -5.88    7.55
  16916.706    53.616    -3.21    6.98
  17293.268    55.676     5.47    7.94
  17669.858    64.842    24.34   17.27
  18046.476    86.735    58.13   36.95
  18423.121   138.565   137.61   72.15
  18799.794   180.405   111.08   67.46
  19176.495   202.246    57.98   48.87
  19553.224   189.185   -34.67   56.22
  19929.981   143.388  -121.56   53.16
  20306.765   101.185  -112.01   31.27
  20683.577    84.045   -45.49   17.52
  21060.417    87.145     8.23   23.15
  21437.285   111.142    63.68   39.40
  21814.180   159.585   128.54   65.60
  22191.103   208.616   130.09   60.49
  22568.055   209.676     2.81   58.82
  22945.034   174.965   -92.08   81.38
  23322.040   129.025  -121.86   71.27
  23699.075   103.735   -67.08   37.02
  24076.138   127.076    61.90   62.88
  24453.228   184.617   152.60   74.23
  24830.347   214.587    79.47   54.51
  25207.493   200.572   -37.16   64.64
  25584.667   154.705  -121.61   70.06
  25961.869   110.625  -116.86   40.66
  26339.099   103.041   -20.10   34.47
  26716.357   137.858    92.29   73.16
  27093.643   188.123   133.23   77.90
  27470.956   219.633    83.51   55.64
  27848.298   211.460   -21.66   56.66
  28225.668   164.368  -124.79   51.32
  28603.065   128.268   -95.66   38.60
  28980.491   102.755   -67.60   25.45
  29357.944    91.290   -30.37   11.14
  29735.426    96.525    13.87   15.14
  30112.936   113.058    43.80   27.54
  30490.473   131.465    48.76   30.38
  30867.396   163.085    83.89   40.59
  31239.458   190.142    72.72   41.38
  31611.547   198.865    23.44   37.81
  31983.664   189.703   -24.62   51.66
  32355.807   152.245  -100.66   55.97
  32727.978   116.348   -96.46   32.51
  33100.176    96.990   -52.01   16.20
  33472.401    87.345   -25.91   14.97
  33844.654    83.525   -10.26   14.44
  34216.933    81.185    -6.29   12.80
  34589.240    81.683     1.34   11.13
  34961.574    89.385    20.69   12.81
  35333.935    96.459    19.00   12.44
  35706.324   104.785    22.36    9.91
  36078.739   110.645    15.74    9.44
  36451.182   113.925     8.81    9.44
  36823.653   120.388    17.35   11.46
  37196.150   130.289    26.58   18.77
  37568.675   155.756    68.37   46.36
  37941.227   192.821    99.49   59.22
  38313.806   201.009    21.98   58.00
  38686.413   184.747   -43.65   78.21
  39059.047   132.905  -139.13   83.35
  39431.708    83.288  -133.15   36.55
  39804.397    72.797   -28.15   16.17
  40177.113    78.905    16.39   14.73
  40549.856    85.951    18.90   12.71
  40922.627    90.685    12.70    9.71
  41295.425    92.058     3.68   10.09
  41668.250    94.858     7.51    9.98
  42041.103    93.204    -4.44   10.67
  42413.983    90.990    -5.94   10.79
  42786.891    89.021    -5.28    9.97
  43159.826    86.585    -6.53    6.75
  43532.788    89.085     6.70    6.45
  43905.778    92.225     8.42    6.20
  44278.795    96.805    12.28    6.31
  44651.840   100.225     9.17    5.73
  45024.912   111.633    30.58   19.41
  45398.011   142.592    82.98   52.54
  45771.138   183.245   108.96   68.73
  46144.293   203.899    55.35   59.10
  46517.475   185.975   -48.03   72.00
  46890.684   138.939  -126.04   76.05
  47263.921    85.850  -142.25   44.95
  47637.185    63.774   -59.15   22.78
  48010.477    59.595   -11.20   14.96
  48383.797    65.345    15.40   17.90
  48757.144    80.892    41.64   21.23
  49130.518    89.545    23.18   20.43
  49503.920   100.685    29.84   20.88
  49877.349   113.558    34.47   23.82
  50250.806   120.127    17.59   36.22
  50624.291   114.073   -16.21   50.86
  50997.803    87.025   -72.42   59.88
  51371.343    63.438   -63.15   53.95
  51744.910    41.657   -58.31   25.02
  52118.505    38.145    -9.40    5.84
  52492.128    43.645    14.72   10.11
  52865.778    49.925    16.81   11.82
  53239.456    57.817    21.12   12.14
  53613.161    71.348    36.21   20.70
  53986.894    84.409    34.95   24.39
  54360.654    97.307    34.51   23.49
  54734.443   110.185    34.46   21.12
  55108.259   112.892     7.24   20.27
  55482.102   116.021     8.37   19.29
  55855.973   120.829    12.86   21.08
  56229.872   126.325    14.70   19.33
  56603.799   129.160     7.58   15.84
  56977.753   130.460     3.48   13.25
  57351.735   130.704     0.65   10.74
  57725.745   138.715    21.42   14.97
  58099.783   143.745    13.45   15.07
  58473.848   147.305     9.52   14.39
  58847.941   136.005   -30.21   26.08
  59222.061   118.350   -47.19   24.84
  59596.210   105.125   -35.35   17.38
  59970.386   104.051    -2.87   16.64
  60344.590   115.264    29.97   24.13
  60718.821   126.348    29.62   25.65
  61093.081   135.605    24.74   24.35
  61467.368   136.088     1.29   24.54
  61841.683   130.925   -13.79   22.15
  62216.026   126.585   -11.59   18.44
  62590.397   121.225   -14.32   12.46
  62964.795   121.665     1.18   16.59
  63339.222   113.348   -22.22   25.85
  63713.676   103.264   -26.93   25.84
  64088.158    93.695   -25.55   19.25
  64462.668    90.246    -9.21   10.65
  64837.205    98.765    22.75   14.23
  65211.771   111.529    34.08   22.54
  65586.365   128.382    44.99   29.05
  65960.986   151.683    62.20   34.25
  66335.635   170.245    49.55   32.87
  66710.312   185.565    40.89   23.44
  67085.017   184.911    -1.74   23.47
  67459.750   171.637   -35.43   26.24
  67834.511   163.672   -21.25   28.70
  68209.300   159.304   -11.66   27.31
  68584.117   153.608   -15.20   32.34
  68958.962   134.853   -50.04   43.23
  69333.835   104.307   -81.49   41.36
  69708.735    80.265   -64.13   24.53
  70083.664    74.385   -15.68   15.15
  70458.621    78.654    11.38   17.19
  70833.605    97.225    49.53   25.79
  71208.618   120.025    60.80   33.29
  71583.659   136.049    42.73   29.25
  71958.727   154.858    50.15   19.27
  72333.824   161.065    16.55   15.91
  72708.949   158.735    -6.21   12.50
  73084.102   154.392   -11.58   14.18
  73459.283   147.872   -17.38   13.12
  73834.491   143.225   -12.39   13.85
  74209.728   139.385   -10.23   14.82
  74584.994   138.919    -1.24   17.66
  74960.287   137.425    -3.98   20.45
  75335.608   136.695    -1.95   23.38
  75710.957   130.817   -15.66   26.94
  76086.335   117.931   -34.33   25.25
  76461.740   106.203   -31.24   20.89
  76837.174    93.085   -34.94   17.84
  77212.636    82.592   -27.95   14.71
  77588.126    75.625   -18.56    9.45
  77963.644    75.872     0.66    9.81
  78339.190    84.605    23.26   17.51
  78714.764   108.945    64.81   30.37
  79090.367   133.225    64.65   33.99
  79465.998   156.045    60.76   32.17
  79841.657   166.705    28.38   25.18
  80217.344   159.225   -19.91   25.37
  80593.059   138.246   -55.84   27.53
  80968.803   118.808   -51.73   24.23
  81344.575   107.385   -30.40   18.50
  81720.375    98.943   -22.47    6.02
  82096.203   105.365    17.09   10.81
  82472.060   114.368    23.95   16.11
  82847.945   113.645    -1.92   17.75
  83223.858   105.645   -21.28   19.36
  83599.799    95.021   -28.26   15.33
  83975.769    85.945   -24.14    4.85
  84351.766    84.138    -4.81    4.15
  84727.793    85.885     4.65    6.87
  85103.847    87.038     3.06    8.68
  85479.930    87.485     1.19    9.45
  85856.041    85.657    -4.86    9.82
  86232.181    81.705   -10.51    7.79
  86608.348    82.725     2.71    6.89
  86984.545    85.945     8.56   10.64
  87360.769    89.905    10.53   10.54
  87737.022    94.005    10.90   10.56
  88113.303    96.785     7.39    9.45
  88489.613    98.388     4.26    8.46
  88865.951   104.767    16.95   10.28
  89242.317   110.362    14.87    7.20
  89618.712   114.529    11.07    5.97
  89995.136   116.931     6.38    7.76
  90371.587   118.065     3.01   10.23
  90748.067   118.539     1.26   10.55
  91124.576   123.892    14.22   11.46
  91501.113   131.012    18.91   15.28
  91877.678   143.813    34.00   21.27
  92254.272   166.480    60.20   32.80
  92630.895   208.965   112.81   61.88
  93007.546   281.065   191.44  100.87
  93384.225   366.025   225.57  111.32
  93760.933   440.284   197.14   80.48
  94137.669   452.500    32.43   66.20
  94514.434   396.345  -149.06  106.16
  94891.228   308.005  -234.47   96.98
  95268.050   250.755  -151.94   58.92
  95644.900   242.385   -22.21   50.78
  96021.779   286.163   116.17   79.78
  96398.687   331.885   121.32   74.26
  96775.623   379.595   126.58   51.56
  97152.588   398.605    50.44   37.19
  97529.581   388.082   -27.92   33.43
  97906.603   374.845   -35.11   43.95
  98283.653   362.505   -32.73   49.08
  98660.732   350.184   -32.68   49.51
  99037.840   320.465   -78.82   65.09
  99414.977   292.834   -73.27   69.81
  99792.142   262.965   -79.20   39.07
 100169.335   276.538    35.99   57.87
 100546.557   329.065   139.26   79.26
 100923.808   370.821   110.70   63.24
 101301.088   393.990    61.42   46.61
 101678.396   398.905    13.03   37.61
 102055.733   411.402    33.12   34.41
 102433.099   415.937    12.02   27.98
 102810.493   410.685   -13.92   30.99
 103187.916   402.001   -23.01   33.77
 103565.368   374.385   -73.17   57.81
 103942.849   331.747  -112.97   79.38
 104320.358   268.385  -167.86   76.45
 104697.896   210.776  -152.61   49.72
 105075.463   176.865   -89.82   29.49
 105453.058   158.845   -47.73   17.71
 105830.098   157.266    -4.19   19.04
 106202.074   178.565    57.27   41.23
 106574.078   218.399   107.09   67.43
 106946.109   288.245   187.76   96.56
 107318.168   362.332   199.15   99.93
 107690.255   431.674   186.38   77.32
 108062.370   454.001    60.01   49.54
 108434.513   440.817   -35.43   58.51
 108806.684   403.009  -101.60   57.79
 109178.883   378.805   -65.04   31.33
 109551.109   378.813     0.02   29.45
 109923.364   400.225    57.53   42.75
 110295.647   425.382    67.58   38.89
 110667.957   433.409    21.56   31.59
 111040.296   425.382   -21.56   31.10
 111412.662   415.931   -25.38   27.75
 111785.057   410.405   -14.84   21.44
 112157.479   407.165    -8.70   15.02
 112529.929   404.925    -6.01   13.99
 112902.408   394.166   -28.89   22.21
 113274.914   381.163   -34.91   28.59
 113647.449   363.145   -48.37   43.13
 114020.011   346.633   -44.32   48.17
 114392.602   314.975   -84.98   63.68
 114765.220   274.925  -107.49   62.75
 115137.867   263.525   -30.60   57.11
 115510.542   251.307   -32.79   64.31
 115883.244   227.621   -63.56   70.46
 116255.975   188.385  -105.28   69.52
 116628.734   139.312  -131.66   38.58
 117001.521   112.519   -71.88   26.10
 117374.336    92.308   -54.22   15.67
 117747.180    82.147   -27.26   10.60
 118120.051    76.945   -13.95    6.57
 118492.951    77.990     2.80    8.68
 118865.878    94.166    43.38   28.98
 119238.834   115.246    56.53   36.50
 119611.818   132.325    45.80   33.21
 119984.830   148.856    44.32   23.53
 120357.870   160.264    30.59   26.35
 120730.939   175.960    42.08   31.74
 121104.035   183.592    20.46   26.28
 121477.160   186.805     8.61   29.60
 121850.313   179.685   -19.08   30.94
 122223.494   181.071     3.71   27.01
 122596.704   193.797    34.10   26.27
 122969.941   200.480    17.91   30.38
 123343.207   212.704    32.75   34.23
 123716.501   210.068    -7.06   36.79
 124089.824   212.965     7.76   35.98
 124463.174   211.325    -4.39   34.16
 124836.553   209.925    -3.75   31.61
 125209.961   210.345     1.12   29.21
 125583.396   221.245    29.19   24.40
 125956.860   226.163    13.17   21.80
 126330.352   237.441    30.20   20.92
 126703.872   246.633    24.61   20.66
 127077.421   253.999    19.72   24.36
 127450.998   256.545     6.82   24.42
 127824.603   255.746    -2.14   27.19
 128198.237   251.715   -10.79   30.05
 128571.899   234.470   -46.16   31.55
 128945.590   219.264   -40.70   30.95
 129319.308   213.986   -14.13   25.16
 129693.056   227.065    35.00   35.89
 130066.831   272.144   120.62   72.31
 130440.635   318.165   123.13   84.29
 130814.467   370.519   140.07   70.38
 131188.328   397.878    73.19   54.74
 131562.217   410.696    34.29   43.96
 131936.135   405.616   -13.59   39.56
 132310.081   415.382    26.12   28.82
 132684.055   414.975    -1.09   26.18
 133058.058   420.082    13.66   19.95
 133432.090   421.776     4.53   20.78
 133806.150   424.745     7.94   19.68
 134180.238   430.764    16.09   25.28
 134554.355   427.025    -9.99   32.48
 134928.500   426.825    -0.53   32.24
 135302.674   424.665    -5.77   33.23
 135676.876   426.637     5.27   31.89
 136051.107   432.525    15.74   28.65
 136425.366   438.405    15.71   23.80
 136799.654   450.585    32.55   23.53
 137173.971   467.103    44.13   28.52
 137548.316   487.166    53.60   26.46
 137922.689   504.417    46.08   20.36
 138297.091   500.725    -9.86   32.03
 138671.522   471.348   -78.47   58.24
 139045.981   430.744  -108.45   72.75
 139420.469   384.865  -122.53   53.78
 139794.986   362.695   -59.21   27.41
 140169.531   362.776     0.22   22.36
 140544.105   376.413    36.41   18.80
 140918.707   387.088    28.50   15.55
 141293.338   388.863     4.74   13.23
 141667.998   392.323     9.24   11.57
 142042.686   392.905     1.55   11.15
 142417.403   393.088     0.49   10.25
 142792.148   391.127    -5.23   13.12
 143166.923   385.307   -15.53   15.78
 143541.726   379.605   -15.21   17.57
 143916.557   376.703    -7.74   18.76
 144291.418   384.205    20.02   26.67
 144666.307   404.184    53.30   33.29
 145041.225   432.585    75.76   43.22
 145416.171   461.360    76.75   43.20
 145791.146   485.068    63.24   48.08
 146166.150   473.205   -31.64   72.78
 146541.183   437.765   -94.51   88.33
 146916.245   398.552  -104.57   85.42
 147291.335   371.705   -71.59   90.63
 147666.454   346.715   -66.63   81.73
 148041.602   364.225    46.68   96.72
 148416.779   409.511   120.72  105.55
 148791.984   456.068   124.10   88.78
 149167.218   475.921    52.91   57.91
 149542.482   438.860   -98.78   77.12
 149917.774   416.965   -58.35   70.05
 150293.094   416.480    -1.29   65.59
 150668.444   445.805    78.14   56.15
 151043.822   477.756    85.13   23.67
 151419.230   489.925    32.42   15.54
 151794.666   498.871    23.83   14.93
 152170.131   507.206    22.20   13.86
 152545.625   516.041    23.54    9.92
 152921.148   522.165    16.31   10.11
 153296.700   529.485    19.49   13.23
 153672.281   538.539    24.11   14.60
 154047.890   538.676     0.37   20.24
 154423.529   517.332   -56.83   44.37
 154799.197   489.029   -75.35   50.28
 155174.893   462.613   -70.32   44.60
 155550.618   442.774   -52.81   38.44
 155926.373   433.225   -25.42   36.31
 156302.156   410.685   -59.99   35.94
 156677.969   394.975   -41.81   29.34
 157053.810   392.965    -5.35   28.28
 157429.680   404.845    31.61   29.45
 157805.580   422.323    46.50   19.89
 158181.508   427.886    14.80   11.46
 158557.466   428.225     0.90   11.37
 158933.452   421.144   -18.84   15.96
 159309.468   411.186   -26.49   19.52
 159685.512   409.029    -5.74   28.78
 160061.586   430.225    56.37   47.18
 160437.689   460.756    81.19   53.58
 160813.821   486.853    69.39   48.02
 161189.981   468.305   -49.32   67.70
 161566.171   460.674   -20.29   67.86
 161942.391   457.565    -8.27   63.56
 162318.639   437.921   -52.22   68.27
 162694.916   405.774   -85.45   96.09
 163071.223   372.825   -87.57   92.87
 163447.558   357.695   -40.21   72.65
 163823.923   386.187    75.72   72.98
 164200.317   427.284   109.21   39.30
 164576.740   446.283    50.48   22.33
 164953.192   453.246    18.50   14.03
 165329.674   457.783    12.05   11.03
 165706.184   462.285    11.96    9.74
 166082.724   468.425    16.31   10.42
 166459.293   474.284    15.56   12.67
 166835.892   483.685    24.97   13.75
 167212.519   494.187    27.89   13.99
 167589.176   505.385    29.74   13.52
 167965.862   520.244    39.45   17.75
 168342.577   539.091    50.04   24.82
 168719.322   553.753    38.93   24.09
 169096.095   566.205    33.05   20.57
 169472.898   566.082    -0.33   29.72
 169849.731   552.107   -37.09   39.31
 170226.592   522.182   -79.42   46.55
 170603.483   488.500   -89.38   42.90
 170980.404   466.797   -57.59   28.70
 171357.353   460.206   -17.49   18.54
 171734.332   459.892    -0.83   22.72
 172111.340   461.797     5.05   24.56
 172488.378   460.245    -4.12   30.20
 172865.445   458.312    -5.13   33.73
 173242.541   454.985    -8.82   33.42
 173619.667   456.645     4.40   34.26
 173996.822   455.205    -3.82   31.32
 174374.007   448.841   -16.88   30.12
 174751.221   445.755    -8.18   33.30
 175128.464   438.302   -19.76   40.21
 175505.737   422.164   -42.78   41.69
 175883.039   401.990   -53.48   32.86
 176260.371   390.025   -31.71   25.54
 176637.732   385.845   -11.08   23.47
 177015.122   381.343   -11.93   26.91
 177392.542   374.374   -18.47   29.95
 177769.992   351.956   -59.40   28.91
 178147.471   333.065   -50.05   22.55
 178524.979   329.860    -8.49   21.68
 178902.517   331.265     3.72   25.96
 179280.084   336.885    14.89   29.88
 179657.681   336.755    -0.35   34.19
 180035.308   334.121    -6.98   34.72
 180412.964   323.225   -28.86   29.50
 180790.174   319.409   -10.12   30.10
 181162.066   322.785     9.08   36.78
 181533.986   324.110     3.56   41.92
 181905.935   325.745     4.40   45.10
 182277.912   315.813   -26.70   46.32
 182649.918   300.247   -41.85   44.02
 183021.953   301.833     4.26   41.20
 183394.016   300.076    -4.72   34.91
 183766.108   316.705    44.70   42.26
 184138.229   351.368    93.17   48.83
 184510.378   391.388   107.56   54.60
 184882.556   434.131   114.87   59.70
 185254.763   457.665    63.24   61.02
 185626.998   484.917    73.23   62.67
 185999.262   482.205    -7.29   56.39
 186371.555   454.774   -73.70   66.89
 186743.876   433.392   -57.44   64.07
 187116.227   434.794     3.77   70.77
 187488.605   460.327    68.58   86.64
 187861.013   504.805   119.46   70.49
 188233.449   542.145   100.28   52.51
 188605.915   563.735    57.98   40.47
 188978.408   561.706    -5.45   39.65
 189350.931   543.441   -49.04   56.13
 189723.483   504.245  -105.23   78.06
 190096.063   441.755  -167.76   80.37
 190468.672   381.725  -161.14   63.68
 190841.310   348.833   -88.29   42.84
 191213.976   347.794    -2.79   44.49
 191586.672   363.945    43.35   52.99
 191959.396   384.184    54.31   49.07
 192332.149   402.206    48.36   33.18
 192704.931   409.842    20.49   24.64
 193077.742   405.382   -11.97   28.93
 193450.582   401.225   -11.15   31.43
 193823.450   397.244   -10.68   30.08
 194196.348   395.885    -3.65   29.70
 194569.274   399.170     8.81   29.46
 194942.229   413.429    38.24   26.09
 195315.214   423.654    27.42   23.57
 195688.227   429.745    16.33   22.07
 196061.269   432.399     7.12   19.77
 196434.340   435.617     8.63   18.84
 196807.439   437.454     4.92   17.46
 197180.568   442.147    12.58   19.47
 197553.726   452.186    26.91   23.12
 197926.913   461.505    24.98   19.54
 198300.129   471.265    26.16   17.82
 198673.373   479.939    23.24   17.09
 199046.647   488.480    22.88   16.26
 199419.950   495.746    19.47   11.37
 199793.281   489.049   -17.94   18.99
 200166.642   477.545   -30.82   22.16
 200540.032   461.425   -43.18   22.11
 200913.451   443.617   -47.70   16.23
 201286.899   435.127   -22.74   17.87
 201660.376   428.049   -18.96   25.54
 202033.882   416.621   -30.60   29.62
 202407.417   405.610   -29.48   40.19
 202780.981   380.377   -67.56   48.19
 203154.574   335.794  -119.36   49.43
 203528.196   301.445   -91.95   35.38
 203901.848   282.185   -51.56   17.61
 204275.528   298.338    43.24   45.91
 204649.238   331.206    87.97   64.76
 205022.977   363.129    85.43   55.32
 205396.745   377.145    37.51   37.39
 205770.542   374.033    -8.33   37.21
 206144.368   361.021   -34.81   32.45
 206518.223   365.323    11.51   32.75
 206892.108   370.288    13.28   28.18
 207266.022   364.604   -15.20   24.72
